,BiLSTM,LSTM Hao 2020,LSTM1,LSTM2,LSTM3,y_test_target
0,0.5293100476264954,0.1787523180246353,0.5269836187362671,0.5507411360740662,0.2318733185529709,0
1,0.5272311568260193,0.1784680783748626,0.5283724665641785,0.5480198860168457,0.2251498401165008,0
2,0.5269418954849243,0.1295868754386901,0.5298334360122681,0.5449215173721313,0.2215331643819809,0
3,0.5261996388435364,0.0870135873556137,0.529384434223175,0.5417476892471313,0.2141400575637817,0
4,0.5198954939842224,0.0498009920120239,0.5248783230781555,0.5381335020065308,0.2029521167278289,0
5,0.5144689083099365,0.0351371467113494,0.5232245922088623,0.5353991985321045,0.1950626373291015,0
6,0.5090023279190063,0.0263054892420768,0.521934986114502,0.5324892997741699,0.1874815076589584,0
7,0.5127135515213013,0.0163542721420526,0.5222914814949036,0.5306016206741333,0.1837054640054702,0
8,0.5197867751121521,0.0194062553346157,0.5252047181129456,0.530065655708313,0.1865540891885757,1
9,0.5247045755386353,0.023738894611597,0.5286407470703125,0.5297486782073975,0.1910073459148407,0
10,0.5255772471427917,0.0269482340663671,0.530060887336731,0.5293362140655518,0.1921071410179138,0
11,0.5254812836647034,0.0223373956978321,0.5283553600311279,0.5282760858535767,0.1881484687328338,0
12,0.5257781147956848,0.0281923580914735,0.5298227667808533,0.5279919505119324,0.1889515668153762,0
13,0.5306837558746338,0.0365451872348785,0.5343827605247498,0.5280958414077759,0.1968994587659835,1
14,0.5308969616889954,0.0414359718561172,0.5354142785072327,0.5274302363395691,0.1946647763252258,1
15,0.5302963852882385,0.0317598432302475,0.5317659974098206,0.525708794593811,0.1884668171405792,1
16,0.5317577719688416,0.0245488751679658,0.5330527424812317,0.5260475873947144,0.1929072439670562,1
17,0.5316413044929504,0.0361676141619682,0.5349262356758118,0.5269196629524231,0.1962849497795105,1
18,0.5355786085128784,0.0447870269417762,0.5367050170898438,0.528053879737854,0.1997828334569931,1
19,0.5344046354293823,0.0348179973661899,0.5340522527694702,0.5275617241859436,0.1968365162611007,1
20,0.5308899879455566,0.0351871475577354,0.5329654812812805,0.5282980799674988,0.1965164095163345,1
21,0.5242835283279419,0.0294146779924631,0.530636191368103,0.5278006196022034,0.1927613615989685,1
22,0.5241234302520752,0.0282593518495559,0.5288586020469666,0.5278441309928894,0.1883289217948913,1
23,0.5175714492797852,0.0216771885752677,0.5259640216827393,0.5263105034828186,0.1802583187818527,1
24,0.5075258016586304,0.0080291759222745,0.520487904548645,0.5233432054519653,0.1654567420482635,1
25,0.4978443086147308,-0.0065744165331125,0.5152202844619751,0.5203877091407776,0.1488498896360397,1
26,0.4913122951984405,-0.0241689141839742,0.5096995830535889,0.5170908570289612,0.1340364962816238,1
27,0.4870849549770355,-0.0329847037792205,0.5074531435966492,0.514609158039093,0.1240332424640655,1
28,0.4839111864566803,-0.0394746735692024,0.5057191848754883,0.5117303729057312,0.1175445318222045,1
29,0.4812200665473938,-0.0519819855690002,0.5042479038238525,0.509021520614624,0.1076792553067207,1
30,0.4778031408786773,-0.061826542019844,0.5005411505699158,0.505349338054657,0.0943686068058013,1
31,0.47572922706604,-0.0748655274510383,0.4974609911441803,0.5016459226608276,0.0828199237585067,1
32,0.4734506905078888,-0.0844027176499366,0.4940278828144073,0.4984025359153747,0.06918715685606,1
33,0.4709368050098419,-0.0943724066019058,0.4898119866847992,0.4947015643119812,0.0522355884313583,0
34,0.4691717028617859,-0.1102615445852279,0.4865919351577759,0.4907486736774444,0.0387090072035789,1
35,0.4675294458866119,-0.1201129704713821,0.4843299388885498,0.4873717129230499,0.0266446210443973,1
36,0.4674879014492035,-0.1239559054374694,0.4838070273399353,0.4848189353942871,0.0174082182347774,1
37,0.4683691561222076,-0.1296193897724151,0.4856198132038116,0.482329249382019,0.0148022687062621,1
38,0.4668098390102386,-0.13368721306324,0.4853015542030334,0.4793028831481933,0.0051003731787204,1
39,0.4660899043083191,-0.1394433975219726,0.4840177595615387,0.4765233993530273,-0.0053821504116058,1
40,0.4659038484096527,-0.1494238972663879,0.4839471876621246,0.4740976691246032,-0.0111822318285703,1
41,0.4640638828277588,-0.1550206840038299,0.4822196364402771,0.4715014100074768,-0.0207694862037897,1
42,0.4620500802993774,-0.1626144349575042,0.4795946776866913,0.4687743782997131,-0.0320910066366195,1
43,0.4619470834732055,-0.176390141248703,0.4779906570911407,0.4664151072502136,-0.041445069015026,0
44,0.4601516425609588,-0.1826145648956298,0.4766309559345245,0.464221715927124,-0.0513989627361297,0
45,0.4587216973304748,-0.1898121833801269,0.4735909700393677,0.4619254767894745,-0.0617093369364738,0
46,0.4588961005210876,-0.1981015354394912,0.4723047614097595,0.4606946110725403,-0.0677732527256012,0
47,0.4576199650764465,-0.2017531991004943,0.4710979759693146,0.4594638347625732,-0.0734872072935104,0
48,0.4571047127246856,-0.204907089471817,0.4714513123035431,0.458415538072586,-0.0775163173675537,0
49,0.4567311406135559,-0.2085500359535217,0.4705171585083008,0.4571433663368225,-0.0815756469964981,0
50,0.4586389660835266,-0.209455981850624,0.4725622236728668,0.4572191536426544,-0.0789045691490173,0
51,0.4605247378349304,-0.2041343301534652,0.4771444201469421,0.4577882885932922,-0.0707328394055366,0
52,0.4615650177001953,-0.1988527178764343,0.4793743193149566,0.4579095840454101,-0.0652423948049545,0
53,0.4631716609001159,-0.1974461525678634,0.4810133576393127,0.4587709903717041,-0.060289479792118,1
54,0.4645545184612274,-0.1924776583909988,0.4829303920269012,0.4597266018390655,-0.0547407045960426,1
55,0.4640858471393585,-0.1873895674943924,0.4838737845420837,0.4599656462669372,-0.0521754920482635,0
56,0.4646568894386291,-0.1844424307346344,0.4839552938938141,0.4605078101158142,-0.0496994480490684,0
57,0.4668776094913482,-0.1804238110780716,0.4858134984970093,0.4618833661079407,-0.0459550023078918,1
58,0.4672196209430694,-0.175871729850769,0.4870938956737518,0.4622970223426819,-0.0404396131634712,1
59,0.4689000248908996,-0.1700548827648162,0.490500271320343,0.4635462462902069,-0.0306338649243116,1
60,0.4702205657958984,-0.1627700626850128,0.4920504689216614,0.4647136926651001,-0.0274851862341165,1
61,0.4705425798892975,-0.1583492904901504,0.49269500374794,0.4650278389453888,-0.0242016185075044,1
62,0.4697699844837188,-0.1610030233860016,0.4932785332202911,0.4651817381381988,-0.021555570885539,1
63,0.4698987603187561,-0.1538888663053512,0.4928731918334961,0.4661636054515838,-0.0202776845544576,1
64,0.467268168926239,-0.1654389202594757,0.4877516031265259,0.4653547704219818,-0.0290254671126604,0
65,0.4659319221973419,-0.1730829328298568,0.4848628938198089,0.4650623798370361,-0.0315940603613853,0
66,0.4655905067920685,-0.1724961251020431,0.4859987497329712,0.465710699558258,-0.0298681464046239,0
67,0.4660004675388336,-0.1700393706560135,0.484664112329483,0.4660380482673645,-0.031423419713974,0
68,0.4671181142330169,-0.171268343925476,0.4850870668888092,0.4668566882610321,-0.0271259788423776,0
69,0.4665454030036926,-0.1707340031862259,0.4847645163536072,0.4674259126186371,-0.0239570084959268,0
70,0.466965764760971,-0.163357987999916,0.4866088032722473,0.4687850475311279,-0.0204213839024305,0
71,0.4706905782222748,-0.1532632708549499,0.4918583035469055,0.4709509015083313,-0.0055089239031076,0
72,0.4723081886768341,-0.1455017626285553,0.4953638315200805,0.472539335489273,0.004822265356779,0
73,0.4747518301010132,-0.1301710307598114,0.4992656707763672,0.4750217199325561,0.0185652747750282,0
74,0.4768303632736206,-0.1282597035169601,0.5030848979949951,0.4768717586994171,0.0295499730855226,0
75,0.4781500399112701,-0.1137840449810028,0.5059618949890137,0.478928655385971,0.0380995273590087,1
76,0.4814868569374084,-0.1062065362930297,0.5082491040229797,0.4805420637130737,0.0464579090476036,0
77,0.4846460223197937,-0.0988589972257614,0.5084637403488159,0.4820893406867981,0.0506623648107051,0
78,0.4886426329612732,-0.0889292731881141,0.5112190246582031,0.4842985570430755,0.0594453290104866,0
79,0.4930324554443359,-0.0798148438334465,0.5147237777709961,0.4864081740379333,0.0705277323722839,0
80,0.5457751154899597,0.2118310332298278,0.5456928014755249,0.5315431952476501,0.2301165610551834,0
81,0.5448198318481445,0.2137461751699447,0.5459945797920227,0.530992865562439,0.2300702333450317,0
82,0.5418655276298523,0.2070020586252212,0.5449948906898499,0.5319183468818665,0.2294977456331253,1
83,0.5313223600387573,0.1915017664432525,0.5417519807815552,0.5326365828514099,0.2291153073310852,1
84,0.5294265151023865,0.1748525351285934,0.5389465093612671,0.5327965021133423,0.2279588282108307,1
85,0.5192795395851135,0.1719963401556015,0.5368184447288513,0.5316846370697021,0.2221852540969848,1
86,0.5195063948631287,0.1481685042381286,0.5326988101005554,0.5295966863632202,0.2109393328428268,1
87,0.519198477268219,0.1510257422924041,0.531168520450592,0.5281881093978882,0.2049885690212249,1
88,0.5209813714027405,0.14850614964962,0.5301122069358826,0.528110682964325,0.2037538588047027,1
89,0.5223101377487183,0.1586937457323074,0.5317537784576416,0.5290835499763489,0.2047152370214462,1
90,0.5230116844177246,0.1522489637136459,0.5313328504562378,0.5279022455215454,0.2029427886009216,1
91,0.5251038670539856,0.1528544276952743,0.5320965051651001,0.5260039567947388,0.1989926248788833,0
92,0.5262255668640137,0.1663067191839218,0.5346091389656067,0.5245869755744934,0.2003427743911743,0
93,0.5243068933486938,0.1668457239866256,0.5357157588005066,0.5223278403282166,0.1923827826976776,0
94,0.5218433737754822,0.165333479642868,0.5330800414085388,0.5185534358024597,0.1809136718511581,0
95,0.5237891674041748,0.1553165465593338,0.5334338545799255,0.5171979069709778,0.1797884106636047,0
96,0.5166137218475342,0.1479521691799163,0.5330734252929688,0.5164787173271179,0.1773840636014938,0
97,0.5174698829650879,0.1417392939329147,0.531764805316925,0.5161358714103699,0.1779955923557281,0
98,0.5188170075416565,0.1419550627470016,0.5325831770896912,0.5172308683395386,0.1832967698574066,0
99,0.5173690915107727,0.1368958055973053,0.5334901809692383,0.5191022753715515,0.1871372312307357,1
100,0.5187191963195801,0.1301482021808624,0.5321244597434998,0.5206844806671143,0.1903460323810577,1
101,0.5187504887580872,0.1196587681770324,0.5291111469268799,0.5225589871406555,0.192099392414093,1
102,0.5156235098838806,0.1133781746029853,0.5272684097290039,0.5243937969207764,0.1935126632452011,1
103,0.5223696827888489,0.117639422416687,0.528143048286438,0.5255099534988403,0.1974654644727707,1
104,0.5267156362533569,0.1379207074642181,0.5313294529914856,0.5272156000137329,0.2032135874032974,1
105,0.5374035835266113,0.1429239064455032,0.5336236953735352,0.5290427803993225,0.2102494835853576,1
106,0.5456883311271667,0.1587709933519363,0.5374929904937744,0.5306569337844849,0.2193235158920288,1
107,0.5518707036972046,0.1786826699972152,0.5412110090255737,0.5316157341003418,0.2268519252538681,1
108,0.5554088950157166,0.1975169777870178,0.5456464886665344,0.5320318937301636,0.2310890108346939,1
109,0.5564006567001343,0.206310823559761,0.5474360585212708,0.5317201614379883,0.2319768220186233,1
110,0.5565052628517151,0.2129258811473846,0.5480348467826843,0.5310447812080383,0.2315403372049331,1
111,0.5534313917160034,0.2122085243463516,0.5477186441421509,0.5306138396263123,0.2326623052358627,1
112,0.5485901236534119,0.207307830452919,0.5472363233566284,0.5301455855369568,0.2292814552783966,1
113,0.542398989200592,0.2018060386180877,0.5439020395278931,0.5276156663894653,0.2209914624691009,1
114,0.538358747959137,0.1993693113327026,0.5419995188713074,0.5266318917274475,0.2155716270208358,1
115,0.5265170931816101,0.2008608430624008,0.5397481322288513,0.5262293815612793,0.2082691192626953,1
116,0.5155200958251953,0.176319420337677,0.5330690145492554,0.5231456160545349,0.1914882063865661,1
117,0.502506673336029,0.157348558306694,0.5262622237205505,0.5194679498672485,0.1749979257583618,1
118,0.4892492592334747,0.131009355187416,0.521146297454834,0.5151636004447937,0.1571798324584961,1
119,0.4796801209449768,0.123469591140747,0.5174468755722046,0.5102766752243042,0.1390772759914398,1
120,0.4742510914802551,0.1166387572884559,0.5146881341934204,0.505745530128479,0.123906672000885,1
121,0.4679359793663025,0.0985733196139335,0.5119901299476624,0.502285361289978,0.110630914568901,1
122,0.4576109051704407,0.0585695877671241,0.5030316710472107,0.4949565231800079,0.0807912200689315,1
123,0.4543233215808868,0.0419766753911972,0.4957936704158783,0.4886117875576019,0.0558639019727706,1
124,0.4505035281181335,0.0273850262165069,0.4936766624450683,0.4831196069717407,0.0356866493821144,1
125,0.4447058439254761,0.0002321377396583,0.4867142736911773,0.4769444465637207,0.0062519907951354,1
126,0.4419768750667572,-0.0178833659738302,0.4780005812644958,0.4704912602901459,-0.0223139710724353,0
127,0.4378483295440674,-0.0522057637572288,0.4711520969867706,0.4642821550369262,-0.0486777313053607,1
128,0.4353439807891845,-0.0696464926004409,0.4702392220497131,0.4597700834274292,-0.0664926171302795,1
129,0.4321490228176117,-0.0745867565274238,0.4669995903968811,0.4549442529678345,-0.0849914699792862,1
130,0.428395926952362,-0.0980391129851341,0.4593218564987182,0.4504071772098541,-0.1122302860021591,1
131,0.4242595434188843,-0.1210817098617553,0.4540832340717315,0.4461394548416137,-0.1347169131040573,1
132,0.4209808707237243,-0.1512767374515533,0.4497823715209961,0.4416106939315796,-0.1569607555866241,1
133,0.4163536429405212,-0.1681344658136367,0.4446575045585632,0.4382958710193634,-0.176333412528038,1
134,0.4138913452625274,-0.2088630199432373,0.436498761177063,0.4350635707378387,-0.197208970785141,1
135,0.4097792208194732,-0.2215436697006225,0.4298598170280456,0.430854856967926,-0.2244166582822799,1
136,0.4078316390514374,-0.2248145937919616,0.4260156154632568,0.4268852770328522,-0.2457658499479293,1
137,0.4047812521457672,-0.2406599819660186,0.422697365283966,0.4239835441112518,-0.2685716450214386,1
138,0.4008840918540954,-0.2637868821620941,0.4149368405342102,0.4214679598808288,-0.2897882759571075,1
139,0.4011575281620025,-0.282438188791275,0.4125023186206817,0.4196570515632629,-0.2964742481708526,1
140,0.3973354697227478,-0.2851604521274566,0.4134407341480255,0.4176963269710541,-0.3075349926948547,0
141,0.3968934416770935,-0.2945060431957245,0.4119303822517395,0.415121853351593,-0.3254182636737823,0
142,0.3965027034282684,-0.314513087272644,0.4070956707000732,0.4119520187377929,-0.345703125,1
143,0.3927793502807617,-0.3256694674491882,0.4020847380161285,0.410227507352829,-0.3622679710388183,0
144,0.3904604315757751,-0.3308113813400268,0.398982286453247,0.4088537395000458,-0.3756407797336578,1
145,0.3879951238632202,-0.3583781719207763,0.3941526710987091,0.4067741334438324,-0.3941844999790191,1
146,0.3867333531379699,-0.3759949505329132,0.3908918499946594,0.4054161608219147,-0.4049541354179382,0
147,0.3870829343795776,-0.3798879384994507,0.3900747299194336,0.4043749570846557,-0.4093231856822967,1
148,0.3869244158267975,-0.3700015544891357,0.3919825255870819,0.4040299654006958,-0.4122709631919861,1
149,0.3866318464279175,-0.3754618167877197,0.3910036087036133,0.4030330777168274,-0.4217591285705566,1
150,0.3853934407234192,-0.3923017382621765,0.386384516954422,0.4017788767814636,-0.43546062707901,0
151,0.383200466632843,-0.4034660756587982,0.3826413750648498,0.401019275188446,-0.4438987970352173,1
152,0.3821377158164978,-0.4135201275348663,0.3813646137714386,0.4003573060035705,-0.4490065574645996,0
153,0.3821155130863189,-0.4053795039653778,0.3830963373184204,0.3998400270938873,-0.4520424008369446,0
154,0.3830220401287079,-0.4094618260860443,0.3829623758792877,0.3990923166275024,-0.4573587477207184,0
155,0.3849826455116272,-0.4143417775630951,0.3835417032241821,0.3987363576889038,-0.4593280851840973,0
156,0.3841081261634826,-0.4135309755802154,0.3828058242797851,0.398335725069046,-0.462115079164505,0
157,0.3844286799430847,-0.413574069738388,0.3820453286170959,0.3981497585773468,-0.4642457067966461,0
158,0.3825072050094604,-0.4111137688159942,0.3815094828605652,0.397864282131195,-0.4683453738689422,0
159,0.3830530345439911,-0.4198654294013977,0.3810703158378601,0.3978725969791412,-0.4694587886333465,0
160,0.5272694826126099,0.0128410188481211,0.512150228023529,0.5056573748588562,-0.0295678675174713,1
161,0.5305455923080444,0.018986901268363,0.5115382671356201,0.5050544142723083,-0.0351771116256713,1
162,0.5290271639823914,0.0155891608446836,0.5081275105476379,0.5038222074508667,-0.0430947989225387,1
163,0.5243574976921082,0.0231277756392955,0.5066766142845154,0.502264142036438,-0.0473570674657821,1
164,0.522225022315979,0.0322611033916473,0.505173921585083,0.5008562207221985,-0.0555843412876129,1
165,0.5122122168540955,0.0046781785786151,0.4977567493915558,0.4981720447540283,-0.0785605087876319,1
166,0.4968986809253692,-0.0303736440837383,0.4876992106437683,0.4951232075691223,-0.1041218936443328,1
167,0.4842220246791839,-0.0600157119333744,0.477940022945404,0.4927061796188354,-0.1274668723344802,1
168,0.4734285771846771,-0.0915668308734893,0.4690555930137634,0.4905431270599365,-0.1503603607416153,0
169,0.4631245136260986,-0.1213188767433166,0.4600308537483215,0.4884551763534546,-0.1724678575992584,1
170,0.456512987613678,-0.1406589150428772,0.4531221687793731,0.4864948689937591,-0.1923549771308899,0
171,0.4523652195930481,-0.1488446593284607,0.4486262798309326,0.4850017428398132,-0.2068771719932556,0
172,0.4497662186622619,-0.1564926952123642,0.4447578191757202,0.4837223887443542,-0.219826340675354,0
173,0.4468227922916412,-0.1624401956796646,0.4403483867645263,0.4823738038539886,-0.2322706580162048,0
174,0.4433665871620178,-0.1700034290552139,0.4360751211643219,0.4810715913772583,-0.2429051697254181,0
175,0.4388932883739471,-0.1961487382650375,0.430144727230072,0.479800820350647,-0.2565715312957763,1
176,0.4321328103542328,-0.2350398898124694,0.4228938817977905,0.4782384634017944,-0.2744210958480835,1
177,0.425810843706131,-0.2531891465187073,0.4165895879268646,0.4769086539745331,-0.2886979281902313,0
178,0.4230633676052093,-0.2705201506614685,0.4112723469734192,0.4761167764663696,-0.3031871616840362,0
179,0.4195039868354797,-0.2760146558284759,0.4070347547531128,0.4752219021320343,-0.3161888718605041,0
180,0.4165099263191223,-0.2933540642261505,0.4026533961296081,0.4744775593280792,-0.3262684047222137,0
181,0.4161716997623443,-0.294205904006958,0.4009341597557068,0.4742826521396637,-0.3316902220249176,0
182,0.414234846830368,-0.2971435785293579,0.3996594846248626,0.4738845229148865,-0.3338470458984375,0
183,0.4129774868488312,-0.2979258298873901,0.3997617363929748,0.4736042320728302,-0.334289401769638,0
184,0.4138077795505523,-0.2927841544151306,0.4004525244235992,0.4736490547657013,-0.3332916796207428,0
185,0.4135721921920776,-0.2929753959178924,0.4006533920764923,0.4735763669013977,-0.3337285816669464,0
186,0.4112773239612579,-0.2966861426830292,0.3984725773334503,0.4731719493865967,-0.3396687805652618,0
187,0.4097825586795807,-0.3037717044353485,0.3957152664661407,0.4731335043907165,-0.3417004346847534,0
188,0.4092842936515808,-0.3071762025356293,0.3946431279182434,0.4732918739318847,-0.3436920642852783,0
189,0.4078826904296875,-0.3038269281387329,0.3952904641628265,0.4734939634799957,-0.3431764543056488,0
190,0.408159077167511,-0.3099733293056488,0.3958830237388611,0.4738267660140991,-0.3403220474720001,0
191,0.411411702632904,-0.2995803952217102,0.4001660943031311,0.4745226204395294,-0.3331508040428161,0
192,0.413212776184082,-0.2919229567050934,0.403245210647583,0.475259780883789,-0.3230504095554352,1
193,0.4150988757610321,-0.2911625504493713,0.4074054956436157,0.4760279357433319,-0.3120899498462677,0
194,0.4179705679416656,-0.2735550701618194,0.412020742893219,0.4769581854343414,-0.2993607819080353,0
195,0.4203524589538574,-0.2654171288013458,0.4144991338253021,0.4778537154197693,-0.2908267378807068,1
196,0.4210574030876159,-0.2654953002929687,0.416793555021286,0.4784618318080902,-0.2844683229923248,1
197,0.4224340319633484,-0.2547807097434997,0.4200100004673004,0.4792988896369934,-0.276486724615097,1
198,0.4243894219398498,-0.256853699684143,0.4219642281532287,0.4800243377685547,-0.272109180688858,1
199,0.4267791211605072,-0.2490456998348236,0.4234707355499267,0.4809443950653076,-0.265251487493515,0
200,0.42969611287117,-0.2439340949058532,0.4298509955406189,0.4820218086242676,-0.2503235638141632,1
201,0.4340937435626983,-0.2293756604194641,0.4348484873771667,0.4831845164299011,-0.2378268241882324,1
202,0.4373093247413635,-0.2178731858730316,0.438686192035675,0.4840046465396881,-0.2287803292274475,0
203,0.4397796392440796,-0.2154295444488525,0.4432170987129211,0.4846779406070709,-0.2159198224544525,0
204,0.4452760219573974,-0.1993458867073059,0.4485175907611847,0.4858717024326324,-0.2063714414834976,0
205,0.4470042586326599,-0.1925102174282074,0.4499127864837646,0.4859825074672699,-0.2038789540529251,0
206,0.44828000664711,-0.1966008841991424,0.448260635137558,0.4860427975654602,-0.2032993137836456,0
207,0.4477985501289367,-0.2001075893640518,0.4482791721820831,0.4861704707145691,-0.2012075185775756,0
208,0.4454174339771271,-0.1988246440887451,0.4478449821472168,0.4861232340335846,-0.1991689652204513,0
209,0.4461474120616913,-0.2031239420175552,0.449733018875122,0.4865374267101288,-0.1952059715986251,0
210,0.4490220844745636,-0.1942570060491562,0.4505983889102936,0.487294852733612,-0.190697580575943,0
211,0.4501353800296783,-0.1913219690322876,0.4538103938102722,0.4879310131072998,-0.1841169595718383,0
212,0.449850857257843,-0.1909280270338058,0.4531966149806976,0.4884929955005646,-0.1803167164325714,1
213,0.4503384530544281,-0.1872101426124572,0.4536367058753967,0.4894223511219024,-0.1767586767673492,1
214,0.4502886235713959,-0.1805111169815063,0.4567616879940033,0.4903580248355865,-0.1670858711004257,1
215,0.4543167352676391,-0.166633203625679,0.4615009427070617,0.4919294416904449,-0.1572535634040832,1
216,0.4570094347000122,-0.1520594507455825,0.4659203588962555,0.4928470551967621,-0.149015188217163,1
217,0.45889413356781,-0.1484458297491073,0.4680969715118408,0.4937417507171631,-0.1414119899272918,0
218,0.4609104990959167,-0.1433167159557342,0.4722113311290741,0.4950940907001495,-0.1310359686613083,1
219,0.4636017978191376,-0.1326898783445358,0.4766842722892761,0.4965604841709137,-0.117911472916603,0
220,0.4707134664058685,-0.1147339642047882,0.4823891818523407,0.4980740249156952,-0.1063724160194397,0
221,0.4767957329750061,-0.1076405793428421,0.484228640794754,0.4990930259227752,-0.0986296683549881,0
222,0.4809953272342682,-0.1057895272970199,0.4887206256389618,0.5002467632293701,-0.0881445705890655,0
223,0.4842703640460968,-0.1036455780267715,0.4928104281425476,0.5012801289558411,-0.0776912048459053,0
224,0.4920250177383423,-0.0959079265594482,0.4954374730587005,0.5030935406684875,-0.0638358145952224,1
225,0.5005766153335571,-0.0874331891536712,0.5010443329811096,0.5048528909683228,-0.0456956252455711,1
226,0.5100356340408325,-0.0632000118494033,0.5079222321510315,0.5071291327476501,-0.0260331928730011,1
227,0.516059160232544,-0.0634673684835434,0.5117124319076538,0.508522629737854,-0.0173888467252254,0
228,0.5219970941543579,-0.0523918308317661,0.5140759944915771,0.5099312663078308,-0.0095864124596118,1
229,0.5292052030563354,-0.049369353801012,0.5172874927520752,0.5115911960601807,0.0022862367331981,1
230,0.5354447364807129,-0.0321096889674663,0.5203775763511658,0.5129978060722351,0.0127166155725717,1
231,0.5387853384017944,-0.0207599736750125,0.5246858596801758,0.5139650106430054,0.0222634375095367,1
232,0.5403617024421692,-0.0158593989908695,0.5266038179397583,0.5143495798110962,0.025498853996396,1
233,0.5427331924438477,-0.0118763633072376,0.5293111801147461,0.5146380662918091,0.0283461045473814,1
234,0.5457319021224976,0.0042106229811906,0.5314429998397827,0.5148977637290955,0.0337729454040527,1
235,0.5483138561248779,0.0070100203156471,0.5308845043182373,0.5145654678344727,0.0292259752750396,1
236,0.5443447232246399,0.0146283423528075,0.5277354717254639,0.5132637619972229,0.0217874087393283,0
237,0.5411575436592102,0.0053946878761053,0.525323212146759,0.5121288895606995,0.0133154690265655,0
238,0.539435625076294,0.0109711606055498,0.5240870118141174,0.5112633109092712,0.0067608766257762,1
239,0.5367779731750488,0.0046005696058273,0.5202479958534241,0.5098827481269836,-0.0003154315054416,1
240,0.4683038592338562,-0.1951022744178772,0.4773614108562469,0.4954746067523956,-0.0723171830177307,0
241,0.46792933344841,-0.202820137143135,0.4743209183216095,0.4961752891540527,-0.0754713118076324,0
242,0.4659072160720825,-0.2025954276323318,0.4744280278682709,0.4967878758907318,-0.0733675062656402,0
243,0.4632982909679413,-0.1985566914081573,0.4748165011405945,0.4976018071174621,-0.0677738338708877,1
244,0.4643270075321197,-0.1960672736167907,0.4776627719402313,0.4996376633644104,-0.0609159506857395,1
245,0.4644563496112823,-0.1818448156118393,0.4793775379657745,0.5016632676124573,-0.0523486994206905,1
246,0.4645834565162658,-0.1672365069389343,0.4834582209587097,0.5035537481307983,-0.0406649596989154,1
247,0.4685744047164917,-0.1552611887454986,0.4877359271049499,0.5062609910964966,-0.0253745727241039,1
248,0.4737381637096405,-0.1411409825086593,0.4929167628288269,0.5094330310821533,-0.0137345343828201,1
249,0.477058082818985,-0.1329521089792251,0.4945647120475769,0.5108386874198914,-0.0105739720165729,1
250,0.480437159538269,-0.1327885836362838,0.4938191771507263,0.5121439099311829,-0.003787562251091,1
251,0.4836499094963074,-0.1378458589315414,0.4958261251449585,0.513933002948761,0.0019529201090335,1
252,0.4870933890342712,-0.1282089650630951,0.5002024173736572,0.5151584148406982,0.0147081390023231,1
253,0.4937543272972107,-0.1242842227220535,0.50255286693573,0.5158682465553284,0.0251095928251743,1
254,0.5069634914398193,-0.1024884209036827,0.5109565258026123,0.5185486078262329,0.0432717874646186,0
255,0.520568311214447,-0.0916098356246948,0.5167229771614075,0.5210967659950256,0.0599292367696762,0
256,0.531673014163971,-0.0844996571540832,0.5227793455123901,0.5223496556282043,0.0684703737497329,0
257,0.5431337952613831,-0.0361799709498882,0.5286262035369873,0.5245524048805237,0.086615614593029,0
258,0.5552812218666077,-0.0279675237834453,0.5350899696350098,0.5273690819740295,0.1029716730117797,0
259,0.5598120093345642,0.040552482008934,0.5424103736877441,0.5282156467437744,0.1194339990615844,0
260,0.5687721371650696,0.2404142320156097,0.551615834236145,0.5299397110939026,0.1399353593587875,0
261,0.5788084864616394,0.20924773812294,0.5604521036148071,0.5320980548858643,0.1519522964954376,1
262,0.5824863910675049,0.2875689268112182,0.5635411739349365,0.5322620272636414,0.1577038168907165,0
263,0.5839515924453735,0.3472983837127685,0.5632184147834778,0.5318414568901062,0.1586224883794784,0
264,0.5823756456375122,0.2573732137680053,0.5609443187713623,0.5316135883331299,0.1515512615442276,1
265,0.574362576007843,0.1184898763895034,0.5534065961837769,0.5287176370620728,0.1325560510158538,1
266,0.5606898665428162,-0.0001408066600561,0.5448423624038696,0.5246737003326416,0.1116964966058731,1
267,0.5541948676109314,-0.0158274732530117,0.5409454703330994,0.5230681896209717,0.1028780788183212,1
268,0.5470890998840332,-0.0471828952431678,0.5373827815055847,0.5213816165924072,0.0893394649028778,1
269,0.5427035689353943,-0.0543006435036659,0.5333344340324402,0.5194678902626038,0.0771940648555755,1
270,0.5375753045082092,-0.0670671239495277,0.5263289213180542,0.5180332660675049,0.0643127411603927,1
271,0.531158983707428,-0.0771684721112251,0.5221956372261047,0.5171835422515869,0.0538763552904129,1
272,0.5217359662055969,-0.0877228379249572,0.5161517858505249,0.5152403116226196,0.0428092181682586,1
273,0.5162443518638611,-0.108609914779663,0.5140990614891052,0.513559103012085,0.0342251434922218,1
274,0.5191393494606018,-0.1015704870223999,0.5156891345977783,0.5132246017456055,0.0319112725555896,1
275,0.5270339250564575,-0.0965983569622039,0.5166346430778503,0.5126348733901978,0.0306998621672391,1
276,0.533084511756897,-0.0681692734360694,0.5165953040122986,0.511980414390564,0.0312224999070167,0
277,0.5381311178207397,0.009325698018074,0.5194908976554871,0.5123458504676819,0.0355124548077583,0
278,0.5383414626121521,0.0053645092993974,0.5172595977783203,0.5109688639640808,0.0300238598138093,0
279,0.5364692211151123,0.0785431712865829,0.5149734616279602,0.5091119408607483,0.0242811515927314,0
280,0.535703718662262,0.1004449427127838,0.515617847442627,0.5083069801330566,0.0239404030144214,0
281,0.5362853407859802,0.1299971491098404,0.516795814037323,0.5072731375694275,0.0193914547562599,0
282,0.5391832590103149,0.2134183943271637,0.5153039693832397,0.5058237910270691,0.0142814759165048,0
283,0.5412261486053467,0.2064119279384613,0.5149283409118652,0.5054411888122559,0.0119287632405757,0
284,0.5373003482818604,0.1160353049635887,0.5135337710380554,0.504708468914032,0.0073134265840053,0
285,0.5246577262878418,0.0983865782618522,0.5072454810142517,0.5026876926422119,-0.0037698671221733,0
286,0.5138841867446899,-0.038835909217596,0.5028353333473206,0.501411497592926,-0.0126861482858657,1
287,0.5014797449111938,-0.1518123596906662,0.5001136660575867,0.5003715753555298,-0.0224871858954429,1
288,0.4888864755630493,-0.1529883295297622,0.4952744841575622,0.4988510906696319,-0.0333377905189991,1
289,0.4828558266162872,-0.1585946530103683,0.4890753328800201,0.4983159303665161,-0.0451861508190631,1
290,0.477454662322998,-0.1655901670455932,0.4860689342021942,0.497778445482254,-0.0542076267302036,0
291,0.4713262319564819,-0.182147741317749,0.4803832173347473,0.4962746202945709,-0.0697962939739227,0
292,0.4688209891319275,-0.1953150033950805,0.4757293462753296,0.495249330997467,-0.0828427821397781,0
293,0.4661354720592499,-0.2010781615972519,0.468702495098114,0.4940968751907348,-0.0969685316085815,0
294,0.4631316661834717,-0.2267287820577621,0.465689867734909,0.4927109777927398,-0.1035868525505065,0
295,0.4597067236900329,-0.2367165982723236,0.4623229503631592,0.4912783503532409,-0.1075883954763412,0
296,0.4610870480537414,-0.2340714037418365,0.4647418260574341,0.4915376901626587,-0.1081024706363678,0
297,0.4611390829086303,-0.2354974150657653,0.4608130753040313,0.4910666942596435,-0.1094558835029602,0
298,0.4606283605098724,-0.242024540901184,0.4602693915367126,0.4915279150009155,-0.1085624247789383,0
299,0.45931077003479,-0.2397205531597137,0.4640746414661407,0.4929439425468445,-0.0979573428630828,0
300,0.4612048268318176,-0.2296454906463623,0.46632981300354,0.4948363304138183,-0.0911853164434433,0
301,0.4632695019245147,-0.2128320932388305,0.4722976982593536,0.4963598251342773,-0.0767750889062881,1
302,0.4691733419895172,-0.1837416142225265,0.4821101427078247,0.4996801912784576,-0.0474629141390323,0
303,0.4823678433895111,-0.1668106764554977,0.4961113035678863,0.5038241147994995,-0.0248796045780181,1
304,0.4895888864994049,-0.1368439942598343,0.5013320446014404,0.505648672580719,-0.0120675154030323,1
305,0.4981104135513305,-0.1261923909187317,0.503351092338562,0.5073762536048889,-0.0057815574109554,1
306,0.4991630613803863,-0.1251045167446136,0.502139687538147,0.5082811713218689,0.0001091547310352,1
307,0.4901333451271057,-0.1326867938041687,0.4986836910247803,0.508152425289154,-0.0033123940229415,1
308,0.4791707694530487,-0.144509807229042,0.4957386553287506,0.5065013766288757,-0.0165039487183094,1
309,0.4770517349243164,-0.1444758623838424,0.4893809258937835,0.5056450366973877,-0.0246106497943401,1
310,0.4776307642459869,-0.1677592098712921,0.4881732761859894,0.5056415796279907,-0.0309751592576503,1
311,0.4784489572048187,-0.1565447151660919,0.490023523569107,0.5064199566841125,-0.0232114791870117,1
312,0.4827167391777038,-0.1592159420251846,0.4906588196754455,0.5075201392173767,-0.0210113078355789,1
313,0.4895679354667663,-0.1490117609500885,0.4942283928394317,0.5083725452423096,-0.0144841633737087,1
314,0.5017507672309875,-0.1431286185979843,0.4999580681324005,0.5096991062164307,0.0025602057576179,0
315,0.5149084329605103,-0.1228430271148681,0.5098423957824707,0.5112343430519104,0.0175105463713407,0
316,0.5289750695228577,-0.0503396540880203,0.5176020860671997,0.512934148311615,0.0339013375341892,0
317,0.5427345633506775,0.0276639126241207,0.5215346217155457,0.5136640071868896,0.0423975884914398,0
318,0.5497934222221375,0.1311381757259369,0.5257211923599243,0.513663113117218,0.0535770952701568,0
319,0.5546214580535889,0.2434900850057602,0.5303342342376709,0.514210045337677,0.062197022140026,0
320,0.4796712398529053,-0.0968418568372726,0.5082463026046753,0.4993496537208557,0.0093563944101333,0
321,0.4849055111408233,-0.0602688416838645,0.5127639174461365,0.5007895231246948,0.0218713339418172,0
322,0.5072067975997925,-0.0403750613331794,0.5189307332038879,0.5018900632858276,0.0349582061171531,0
323,0.5207474827766418,-0.033097505569458,0.5255081057548523,0.5035305619239807,0.0439155809581279,0
324,0.5281297564506531,-0.0093083251267671,0.5329419374465942,0.5045604705810547,0.051927875727415,1
325,0.5563579201698303,0.0037588365375995,0.5397550463676453,0.5057122707366943,0.0617075562477111,1
326,0.5815698504447937,0.0367112085223197,0.5470525026321411,0.5077735185623169,0.0740417465567588,1
327,0.6005569696426392,0.0452032089233398,0.5551448464393616,0.5097463726997375,0.0899969041347503,1
328,0.6232587099075317,0.0405222326517105,0.5656222701072693,0.51161128282547,0.10512575507164,1
329,0.6258962750434875,0.0773094892501831,0.5715360641479492,0.5129499435424805,0.1115197762846946,1
330,0.6271743774414062,0.0684007257223129,0.5704138875007629,0.5123141407966614,0.1086944490671157,0
331,0.6231673955917358,0.0486859455704689,0.5622962713241577,0.5112100839614868,0.0984885990619659,0
332,0.5998461842536926,0.0262095350772142,0.5541034936904907,0.5096591114997864,0.0854216963052749,0
333,0.57243412733078,0.004646522924304,0.5437144041061401,0.507645308971405,0.0704292654991149,0
334,0.5556134581565857,-0.0294647421687841,0.5310215353965759,0.5055773258209229,0.0547424107789993,0
335,0.5264927744865417,-0.0508640483021736,0.5241866707801819,0.5040685534477234,0.0471447519958019,0
336,0.5171234607696533,-0.0549690499901771,0.5233517289161682,0.5042518973350525,0.0463786125183105,1
337,0.5256621241569519,-0.0457701012492179,0.524019181728363,0.5054500102996826,0.0515180565416812,1
338,0.5205975770950317,-0.0391818732023239,0.5231509804725647,0.5063568949699402,0.0607989691197872,1
339,0.5361219644546509,-0.0208294633775949,0.5332638025283813,0.5093994736671448,0.0808963477611541,1
340,0.5545957684516907,0.0051946695894002,0.5418385863304138,0.5121685266494751,0.098917581140995,1
341,0.5693954229354858,0.023878488689661,0.5512290596961975,0.5144028067588806,0.1119540482759475,1
342,0.5962905287742615,0.051882766187191,0.5590981841087341,0.5161987543106079,0.1269201189279556,1
343,0.6009878516197205,0.0699650719761848,0.5637456774711609,0.5165562629699707,0.1300636082887649,1
344,0.601690948009491,0.0816511809825897,0.5669329762458801,0.5169636011123657,0.1288371980190277,1
345,0.6025975942611694,0.0717014074325561,0.5642387866973877,0.5156102180480957,0.1205299869179725,1
346,0.5865009427070618,0.0717087984085083,0.5559432506561279,0.5137215852737427,0.1045909821987152,1
347,0.5751252174377441,0.0495764277875423,0.5480063557624817,0.5110421776771545,0.0909774303436279,0
348,0.5505183339118958,0.0071346946060657,0.5376028418540955,0.508613109588623,0.0734855905175209,0
349,0.5208725333213806,-0.0147097278386354,0.5313780903816223,0.5058600902557373,0.0556843280792236,0
350,0.5052321553230286,-0.0172531921416521,0.5242810845375061,0.5032172799110413,0.0423048213124275,1
351,0.5078662037849426,-0.0428495854139328,0.5209508538246155,0.5022295713424683,0.0319320373237133,0
352,0.4871758818626404,-0.0266309473663568,0.5182033181190491,0.5013648867607117,0.0264049042016267,0
353,0.4900171458721161,-0.0420508831739425,0.5189205408096313,0.5006743669509888,0.0241601262241601,0
354,0.5122557878494263,-0.0231806393712759,0.5250089764595032,0.5019649267196655,0.0309601128101348,0
355,0.5298829674720764,-0.007680645212531,0.5297796130180359,0.5023407340049744,0.0387132838368415,0
356,0.5522817373275757,-0.0038544163107872,0.538558840751648,0.5029065012931824,0.0442285239696502,0
357,0.5558371543884277,0.025205485522747,0.5376318097114563,0.5020156502723694,0.037939216941595,0
358,0.5522605776786804,0.0012948773801326,0.536769449710846,0.5013369917869568,0.0303399767726659,0
359,0.5549191236495972,0.0021455809473991,0.5323247909545898,0.5008074045181274,0.0269774738699197,0
360,0.5664507150650024,-0.0075637158006429,0.5338327288627625,0.5013534426689148,0.0322426259517669,1
361,0.5728973150253296,-0.0166886430233716,0.534914493560791,0.5018521547317505,0.0376066863536834,0
362,0.5927245616912842,-0.0256178397685289,0.5402381420135498,0.5033361911773682,0.0490778684616088,1
363,0.5974223613739014,-0.0201385114341974,0.5453603863716125,0.5042798519134521,0.060022734105587,0
364,0.6183275580406189,0.0139161376282572,0.5562509894371033,0.5075584650039673,0.0802281200885772,0
365,0.6200381517410278,0.0281178019940853,0.5582574605941772,0.5088631510734558,0.0871530473232269,0
366,0.6182208061218262,0.026278993114829,0.5565083026885986,0.5101739168167114,0.0923463553190231,1
367,0.6150449514389038,0.0164872407913208,0.5587627291679382,0.5118546485900879,0.1011136174201965,1
368,0.61888587474823,0.0285707395523786,0.5600684881210327,0.5143788456916809,0.1136826127767562,1
369,0.6224050521850586,0.0288663581013679,0.561825156211853,0.516002357006073,0.1262379884719848,1
370,0.621925413608551,0.0357538312673568,0.5618695020675659,0.5182384252548218,0.1402861773967743,1
371,0.6206392049789429,0.0423959791660308,0.5657336711883545,0.5211538076400757,0.153953731060028,1
372,0.6114147901535034,0.063590720295906,0.5618913769721985,0.522254467010498,0.1586003303527832,1
373,0.5989001393318176,0.0601549819111824,0.5582801699638367,0.5227711200714111,0.1605705320835113,0
374,0.5848498344421387,0.0549001023173332,0.5569688081741333,0.5239187479019165,0.1650739461183548,0
375,0.5745813846588135,0.0503884330391883,0.5586684346199036,0.5248419642448425,0.1669632792472839,0
376,0.5890032649040222,0.0612592101097106,0.5635928511619568,0.5264850854873657,0.1762259006500244,0
377,0.6121866703033447,0.069835215806961,0.5680685639381409,0.5288600921630859,0.1917613446712494,0
378,0.619730532169342,0.0993358865380287,0.5761305689811707,0.5315868258476257,0.2072886228561401,0
379,0.6231005191802979,0.1251585185527801,0.579134464263916,0.532463014125824,0.2153380215167999,0
380,0.6239228844642639,0.1293526887893676,0.5821917057037354,0.534095823764801,0.2190088033676147,0
381,0.6206411719322205,0.1558294892311096,0.5790256261825562,0.533616304397583,0.2162280976772308,0
382,0.6232110261917114,0.14661605656147,0.5792291164398193,0.533190906047821,0.2188608944416046,0
383,0.6241672039031982,0.1352990269660949,0.5821393728256226,0.5333796739578247,0.2212095558643341,0
384,0.6282891035079956,0.1471574902534485,0.5929470062255859,0.535454511642456,0.233439952135086,0
385,0.6372230648994446,0.1577702313661575,0.6021429896354675,0.5370796918869019,0.2476906180381775,0
386,0.6445602774620056,0.2062122523784637,0.6119134426116943,0.5412436127662659,0.2692629694938659,0
387,0.6468002200126648,0.2269586473703384,0.6193114519119263,0.5446491241455078,0.2888079881668091,0
388,0.647311806678772,0.2361054718494415,0.6216847896575928,0.54653400182724,0.2979859113693237,0
389,0.6461755037307739,0.233222484588623,0.6212602257728577,0.5468622446060181,0.29985111951828,1
390,0.646045446395874,0.2193042635917663,0.6217393279075623,0.5479492545127869,0.3053657114505768,1
391,0.6467797160148621,0.2063894718885421,0.6206792593002319,0.5494178533554077,0.3085767328739166,1
392,0.6448851823806763,0.2098668217658996,0.616925060749054,0.5501038432121277,0.3122726380825043,1
393,0.6432109475135803,0.2055130302906036,0.6159418821334839,0.5527494549751282,0.323761522769928,1
394,0.6424856185913086,0.2187545001506805,0.6171953082084656,0.5563448071479797,0.3393467962741852,0
395,0.6423078179359436,0.2290059775114059,0.6184829473495483,0.5592153668403625,0.3554129004478454,0
396,0.642095685005188,0.2407977432012558,0.6206815838813782,0.5617609620094299,0.3634440004825592,0
397,0.6399083137512207,0.2449610978364944,0.617107093334198,0.5630173087120056,0.3633597493171692,0
398,0.6380502581596375,0.2223653048276901,0.6141703128814697,0.5639594197273254,0.3663639724254608,0
399,0.6377884149551392,0.238343060016632,0.6153028011322021,0.5673312544822693,0.379961609840393,0
400,0.6136305928230286,0.6221101880073547,0.5639551877975464,0.5809084177017212,0.3510903120040893,1
401,0.6290169954299927,0.7242066264152527,0.5959500074386597,0.5911766290664673,0.402288556098938,1
402,0.6447816491127014,0.8328763842582703,0.6280949711799622,0.6008756160736084,0.4497786462306976,1
403,0.654248058795929,0.9472523331642152,0.6512225866317749,0.6064017415046692,0.4836190044879913,1
404,0.6574875116348267,0.9625364542007446,0.663439154624939,0.6067618727684021,0.4941407442092895,1
405,0.6567390561103821,0.9579585790634156,0.6740818619728088,0.6089137196540833,0.5027118921279907,1
406,0.6550357341766357,0.9692543745040894,0.6739740967750549,0.6061841249465942,0.4866763055324554,0
407,0.651942253112793,0.9268226027488708,0.6609228849411011,0.5988261699676514,0.4522261917591095,0
408,0.6441056132316589,0.8121221661567688,0.6328887939453125,0.5852588415145874,0.396160751581192,0
409,0.6327202320098877,0.7212250828742981,0.6040467619895935,0.5729172825813293,0.3453576862812042,0
410,0.6241834163665771,0.6211202144622803,0.5810896158218384,0.5613789558410645,0.3006943464279175,0
411,0.6162400245666504,0.5515646934509277,0.5632677674293518,0.5540635585784912,0.2668334245681762,0
412,0.6102917194366455,0.4843302369117737,0.5496541857719421,0.5506525039672852,0.2437826991081237,0
413,0.5959617495536804,0.4594762623310089,0.5420123338699341,0.5500797629356384,0.2417317479848861,0
414,0.5938700437545776,0.4730042219161987,0.5442413687705994,0.5509873032569885,0.2491683512926101,0
415,0.6150997877120972,0.555922269821167,0.5606619715690613,0.5573655962944031,0.2809294760227203,0
416,0.6275365352630615,0.5937249064445496,0.5805259943008423,0.5625856518745422,0.3090213239192962,0
417,0.6373043060302734,0.7250074148178101,0.6079304218292236,0.5708529353141785,0.347098559141159,0
418,0.6473971009254456,0.821448028087616,0.6316081881523132,0.5789908170700073,0.3828552663326263,0
419,0.653105616569519,0.9253711104393004,0.6468625068664551,0.5871680974960327,0.4165748059749603,0
420,0.6580942869186401,0.9885331392288208,0.6608121395111084,0.5965504050254822,0.4617908000946045,0
421,0.6652299165725708,1.1308796405792236,0.6852200627326965,0.6118388175964355,0.5350350141525269,1
422,0.6710449457168579,1.2103430032730105,0.696709156036377,0.619837760925293,0.5705698132514954,0
423,0.6713424921035767,1.2618812322616575,0.7005583047866821,0.6257401704788208,0.6007948517799377,0
424,0.6702114343643188,1.240546464920044,0.6997638940811157,0.6269055008888245,0.6103115081787109,0
425,0.664658784866333,1.278915286064148,0.6998115181922913,0.6334446668624878,0.6249961256980896,0
426,0.664341151714325,1.2562191486358645,0.6948363184928894,0.6367053985595703,0.6328088641166687,0
427,0.6623985171318054,1.2504570484161377,0.6842560768127441,0.6417126059532166,0.6472465395927429,0
428,0.6609801650047302,1.254730224609375,0.6742409467697144,0.6461573839187622,0.6604336500167847,0
429,0.6584362387657166,1.259172797203064,0.6653252243995667,0.6498914361000061,0.6831675171852112,0
430,0.6586220264434814,1.2836493253707886,0.659841001033783,0.6572058796882629,0.7067532539367676,1
431,0.650894820690155,1.2952020168304443,0.6516897678375244,0.6653774976730347,0.7345407009124756,1
432,0.6459730863571167,1.2505241632461548,0.6397889256477356,0.6705247163772583,0.7500694990158081,1
433,0.6375412940979004,1.2609432935714722,0.6300957202911377,0.6749222278594971,0.7622170448303223,0
434,0.6332842111587524,1.235597848892212,0.6223962903022766,0.6803298592567444,0.7820621728897095,0
435,0.638744056224823,1.2875962257385254,0.6284006834030151,0.6878798007965088,0.820881724357605,0
436,0.6412509679794312,1.319206953048706,0.6291695833206177,0.6935824751853943,0.8588248491287231,0
437,0.6453613042831421,1.3933454751968384,0.6379174590110779,0.7034305334091187,0.9099598526954652,0
438,0.6440643072128296,1.3507814407348633,0.6380844116210938,0.7081223726272583,0.9409008622169496,0
439,0.6409737467765808,0.9095121622085572,0.6375304460525513,0.7123242616653442,0.9666033983230592,0
440,0.6372020840644836,0.8171226978302002,0.631944477558136,0.7174594402313232,0.9937789440155028,0
441,0.6352496147155762,0.7414070963859558,0.628329873085022,0.720482349395752,1.004132628440857,0
442,0.6323684453964233,0.856042742729187,0.6179127097129822,0.7194838523864746,1.00564706325531,0
443,0.6342095136642456,0.8843145370483398,0.618760883808136,0.7219744920730591,1.029596924781799,0
444,0.6355909109115601,1.092382311820984,0.6190629601478577,0.7259372472763062,1.059511661529541,1
445,0.6370270252227783,0.92448890209198,0.6224889755249023,0.7291464805603027,1.0954594612121582,1
446,0.6357204914093018,0.8462494015693665,0.6227127313613892,0.7347673177719116,1.1433162689208984,1
447,0.6342117190361023,0.6440706253051758,0.6234675049781799,0.7397788763046265,1.1809797286987305,1
448,0.6313701868057251,0.6371402144432068,0.6170589327812195,0.7414460778236389,1.202023148536682,1
449,0.6291048526763916,0.596139669418335,0.6109825968742371,0.7435492277145386,1.230855107307434,1
450,0.6279643177986145,0.7087132334709167,0.6073557138442993,0.7459325194358826,1.2570128440856934,1
451,0.6277852058410645,0.8229840397834778,0.6031147837638855,0.746000349521637,1.2521657943725586,1
452,0.6242292523384094,0.7107184529304504,0.5945824384689331,0.7445850372314453,1.2432676553726196,1
453,0.6203639507293701,0.6519351601600647,0.5841934680938721,0.7434872984886169,1.2224361896514893,1
454,0.6155551075935364,0.5300722718238831,0.5745218396186829,0.7436724901199341,1.2092214822769165,1
455,0.6119763851165771,0.367077112197876,0.560235321521759,0.7399895191192627,1.1774137020111084,1
456,0.6097060441970825,0.3531239926815033,0.5495032072067261,0.7387879490852356,1.1509699821472168,1
457,0.6082773804664612,0.3069165647029876,0.540717601776123,0.7376622557640076,1.140799880027771,1
458,0.6095992922782898,0.2196858525276184,0.5379540920257568,0.7360193133354187,1.1313966512680054,1
459,0.6091238856315613,0.042914979159832,0.5337651371955872,0.7368313074111938,1.1364860534667969,1
460,0.6107687950134277,-0.0989131405949592,0.5382031202316284,0.7381412386894226,1.1485276222229004,1
461,0.6101584434509277,-0.1385805010795593,0.5420608520507812,0.7385311126708984,1.1532124280929563,1
462,0.6123400926589966,-0.3731760382652282,0.5524367690086365,0.7400982975959778,1.16777765750885,1
463,0.6156561374664307,-0.2886967658996582,0.5607154965400696,0.7403748631477356,1.1660854816436768,1
464,0.6185763478279114,-0.3282776474952698,0.5738453269004822,0.7398731708526611,1.15604829788208,1
465,0.6210891008377075,-0.3763221204280853,0.5837269425392151,0.7365793585777283,1.12973153591156,0
466,0.6246359348297119,-0.39015594124794,0.5948294997215271,0.7353342175483704,1.104690432548523,1
467,0.6259539723396301,-0.3775035142898559,0.5971618890762329,0.732492208480835,1.0734652280807495,1
468,0.6262786388397217,-0.3762059509754181,0.5938766002655029,0.7272551655769348,1.03123939037323,1
469,0.6253304481506348,-0.4069933891296386,0.5922143459320068,0.7237001657485962,1.0052632093429563,1
470,0.6253006458282471,-0.3393802940845489,0.5930013060569763,0.7178764939308167,0.966383159160614,0
471,0.6263464093208313,-0.1346173584461212,0.5964982509613037,0.713009238243103,0.9294728636741638,0
472,0.628326952457428,-0.1352919787168502,0.6014144420623779,0.7085509896278381,0.9058577418327332,0
473,0.6308466196060181,-0.0565048158168792,0.6097136735916138,0.7067198157310486,0.8921460509300232,0
474,0.6332749724388123,-0.0523360073566436,0.6181167364120483,0.7055565118789673,0.8842292428016663,0
475,0.6375102996826172,-0.1268094182014465,0.627469539642334,0.7037469744682312,0.8861435651779175,1
476,0.6418542861938477,-0.0706570446491241,0.6381457448005676,0.7044662833213806,0.8944631814956665,1
477,0.6457854509353638,-0.0417225360870361,0.6500693559646606,0.7061169147491455,0.9054688215255736,1
478,0.6478611826896667,0.0674643889069557,0.6536169052124023,0.7029167413711548,0.8945961594581604,1
479,0.6471671462059021,0.075963981449604,0.6562374234199524,0.7006562948226929,0.8817262053489685,1
480,0.6732361316680908,0.4832221567630768,0.6500093340873718,0.6504428386688232,0.6368803381919861,1
481,0.6739912033081055,0.4300284683704376,0.6492482423782349,0.6516158580780029,0.6403377056121826,1
482,0.6730811595916748,0.4319122731685638,0.6489214897155762,0.6512476801872253,0.6414230465888977,1
483,0.674572765827179,0.4320563077926636,0.6485342383384705,0.65301513671875,0.6438195705413818,1
484,0.670088529586792,0.3582366406917572,0.6454988121986389,0.652789294719696,0.637718677520752,1
485,0.6622870564460754,0.3477340042591095,0.6420165300369263,0.6529634594917297,0.6364731788635254,1
486,0.6603783369064331,0.315321534872055,0.6394510269165039,0.6537748575210571,0.6360001564025879,0
487,0.6551197171211243,0.3132538199424743,0.6319671869277954,0.6543467044830322,0.6312069892883301,0
488,0.6435275077819824,0.3158756494522095,0.6247876882553101,0.6511361002922058,0.6184720396995544,0
489,0.6332036852836609,0.293351799249649,0.6208102107048035,0.6488180160522461,0.6095331311225891,0
490,0.6385567784309387,0.3178316056728363,0.624995768070221,0.6503246426582336,0.6090060472488403,0
491,0.6410074234008789,0.4094959199428558,0.6230002641677856,0.6491671800613403,0.6035442352294922,0
492,0.6458021402359009,0.5062517523765564,0.6235621571540833,0.6493465304374695,0.6075329780578613,0
493,0.6537714004516602,0.5249679088592529,0.630579948425293,0.6540665626525879,0.6300650238990784,0
494,0.6692264080047607,0.6679543256759644,0.6413065195083618,0.6597062349319458,0.652518093585968,0
495,0.6812326312065125,0.7331368327140808,0.6491942405700684,0.6621291041374207,0.6730269193649292,0
496,0.6867738962173462,0.7071319818496704,0.6573247909545898,0.6661235690116882,0.6932070851325989,0
497,0.6901658773422241,0.721879780292511,0.6684094667434692,0.6720276474952698,0.7184777855873108,0
498,0.6947258710861206,0.8331215381622314,0.6748723387718201,0.6754563450813293,0.7372424006462097,0
499,0.6979088187217712,0.8377499580383301,0.6771128177642822,0.6786211729049683,0.7526496052742004,0
500,0.6953684687614441,0.8110419511795044,0.6776506900787354,0.6812037229537964,0.763638973236084,0
501,0.697686493396759,0.710001528263092,0.6808027625083923,0.6837638020515442,0.7756249904632568,0
502,0.7003310918807983,0.6221287250518799,0.6830533742904663,0.6878981590270996,0.7882689833641052,1
503,0.7022420763969421,0.6119899153709412,0.6822677850723267,0.6937353610992432,0.8106113076210022,1
504,0.6974160075187683,0.5334972739219666,0.676783561706543,0.6970683932304382,0.8258886933326721,1
505,0.6914100646972656,0.5506833791732788,0.6748371720314026,0.703661322593689,0.8528832197189331,1
506,0.6850698590278625,0.5209596753120422,0.6722596287727356,0.7089678049087524,0.8645369410514832,1
507,0.6796462535858154,0.6517455577850342,0.6650619506835938,0.7110384702682495,0.8649773001670837,0
508,0.6714988350868225,0.9852574467658995,0.656260073184967,0.7127552032470703,0.8693087100982666,0
509,0.6658205986022949,0.9698444604873656,0.6512916088104248,0.7180067300796509,0.879850447177887,0
510,0.6638457179069519,1.0665472745895386,0.6477792263031006,0.7223326563835144,0.8897569179534912,0
511,0.6658333539962769,1.3443888425827026,0.6430008411407471,0.7254773378372192,0.901331663131714,0
512,0.6636362075805664,1.4484827518463137,0.639157772064209,0.7301604151725769,0.9115931391716005,0
513,0.6621556878089905,1.5453221797943115,0.6374484300613403,0.7337371110916138,0.9237536191940308,0
514,0.6625771522521973,1.6195249557495115,0.633459210395813,0.7368288040161133,0.9310834407806396,0
515,0.6618942618370056,1.622949719429016,0.6308132410049438,0.7415550351142883,0.9492279887199402,0
516,0.6629390716552734,1.649276614189148,0.6295862793922424,0.7447857856750488,0.9718114733695984,0
517,0.6701173186302185,1.8010929822921753,0.6355667114257812,0.7497168183326721,0.9997244477272034,0
518,0.6746482849121094,1.8712577819824217,0.6443368196487427,0.7550763487815857,1.027334690093994,1
519,0.6842886209487915,1.9731895923614504,0.6545687317848206,0.7599608898162842,1.0582340955734253,1
520,0.689703643321991,2.1279940605163574,0.6615639925003052,0.7639079093933105,1.0879446268081665,1
521,0.696113109588623,2.139087438583374,0.667301595211029,0.7705832719802856,1.133129596710205,1
522,0.7016122341156006,2.1104512214660645,0.6722918748855591,0.7752669453620911,1.1635762453079224,1
523,0.7006113529205322,2.162304162979126,0.6716285347938538,0.7761759757995605,1.1732749938964844,0
524,0.6962261199951172,2.1943225860595703,0.6683201193809509,0.7755271196365356,1.1681020259857178,1
525,0.6904102563858032,2.1405770778656006,0.6640130877494812,0.775083065032959,1.1530929803848269,1
526,0.6828134059906006,2.215447425842285,0.6570271253585815,0.7720996141433716,1.1302427053451538,1
527,0.677600622177124,2.1878702640533447,0.645118236541748,0.7698384523391724,1.110434651374817,1
528,0.6713730096817017,2.1387596130371094,0.635630190372467,0.7683982849121094,1.0895823240280151,0
529,0.6682112216949463,2.129945039749145,0.6302114725112915,0.7670315504074097,1.0862783193588257,1
530,0.6727280616760254,2.15107536315918,0.631678581237793,0.7693164944648743,1.0958555936813354,1
531,0.673509955406189,2.1649885177612305,0.6318777799606323,0.7711758613586426,1.1017436981201172,0
532,0.6721471548080444,2.235701084136963,0.63042151927948,0.7708983421325684,1.1048414707183838,0
533,0.6702700257301331,2.2604031562805176,0.6323416829109192,0.772362232208252,1.1111838817596436,0
534,0.6704846024513245,2.261221647262573,0.6364391446113586,0.7742997407913208,1.119248628616333,0
535,0.6802961826324463,2.29931378364563,0.6393963694572449,0.7747495174407959,1.1267123222351074,0
536,0.6842758655548096,2.3071677684783936,0.6413360834121704,0.775301456451416,1.13155996799469,0
537,0.6868318319320679,2.278127193450928,0.6476149559020996,0.7764945030212402,1.143765926361084,0
538,0.6942367553710938,2.2895352840423584,0.6551625728607178,0.7780110836029053,1.1547908782958984,0
539,0.697115957736969,2.3132264614105225,0.6586048603057861,0.7792381048202515,1.164386510848999,1
540,0.6960335969924927,2.245743989944458,0.6565471291542053,0.7793877124786377,1.1734117269515991,1
541,0.6960402727127075,2.237706422805786,0.6566658020019531,0.7800301313400269,1.1807572841644287,1
542,0.689787745475769,2.2163949012756348,0.6551396250724792,0.7784105539321899,1.1671286821365356,0
543,0.6878097653388977,2.195221424102783,0.6543864607810974,0.7767245769500732,1.1550034284591677,0
544,0.6886535286903381,2.2532641887664795,0.655624508857727,0.7759237289428711,1.1536189317703247,0
545,0.6891868710517883,2.2733407020568848,0.6566270589828491,0.7762656807899475,1.156434416770935,0
546,0.6916533708572388,2.243976831436157,0.6561607122421265,0.777313232421875,1.158824801445007,0
547,0.6901137828826904,2.255002498626709,0.6538794636726379,0.7771867513656616,1.1567119359970093,0
548,0.6853642463684082,2.254054069519043,0.6504507660865784,0.7768617272377014,1.1586443185806274,0
549,0.6859390735626221,2.241672277450561,0.6488083600997925,0.7780451774597168,1.1640119552612305,0
550,0.6845959424972534,2.2441179752349854,0.6448907852172852,0.777717113494873,1.155465841293335,0
551,0.6796090006828308,2.240596055984497,0.6399996280670166,0.7767893075942993,1.1507333517074585,0
552,0.6779841184616089,2.2332911491394043,0.6388412714004517,0.7777239680290222,1.1583406925201416,0
553,0.6786683201789856,2.275440454483032,0.6399424076080322,0.779004693031311,1.166563868522644,0
554,0.6815061569213867,2.316023111343384,0.6414035558700562,0.7804274559020996,1.1779335737228394,0
555,0.6845273375511169,2.3386731147766118,0.6447033882141113,0.7825514078140259,1.1915158033370972,1
556,0.6852974891662598,2.3642592430114746,0.6464626789093018,0.7841597199440002,1.2037440538406372,1
557,0.6883420944213867,2.3713061809539795,0.6450918912887573,0.7864423990249634,1.2223118543624878,1
558,0.6881563067436218,2.3624398708343506,0.6433252096176147,0.7884927988052368,1.2385709285736084,1
559,0.6862958073616028,2.374284267425537,0.6417402625083923,0.7895359992980957,1.253135323524475,1
560,0.5178718566894531,-0.0270207598805427,0.508461594581604,0.4775795936584472,-0.0585411861538887,1
561,0.5234711170196533,-0.0016750660724937,0.5151819586753845,0.4792473912239074,-0.0453899130225181,1
562,0.5288485884666443,0.0162909179925918,0.5201837420463562,0.4799818694591522,-0.0357491560280323,0
563,0.5296825766563416,0.029510673135519,0.5231553316116333,0.4804390668869018,-0.0285013988614082,1
564,0.5310641527175903,0.0321513414382934,0.5241785049438477,0.4808248281478882,-0.0238888934254646,1
565,0.5318350195884705,0.0313309170305728,0.5225489735603333,0.4804984629154205,-0.0243112482130527,1
566,0.5269928574562073,0.0294139645993709,0.5216572880744934,0.4804712831974029,-0.02745196595788,1
567,0.5162999629974365,0.0208506286144256,0.517400324344635,0.4798175096511841,-0.0339534170925617,1
568,0.5040239691734314,0.005420648958534,0.5103650689125061,0.4790715277194977,-0.0448295287787914,1
569,0.4914069771766662,-0.0099088326096534,0.5026148557662964,0.4786399602890014,-0.0525466352701187,1
570,0.4755941331386566,-0.0424343198537826,0.4938133060932159,0.4777152836322784,-0.0636185631155967,1
571,0.4664705693721771,-0.0590330995619297,0.4872521162033081,0.4772610068321228,-0.0732955634593963,1
572,0.4599387347698211,-0.0856427028775215,0.4788282513618469,0.475687712430954,-0.0859204158186912,0
573,0.4523074626922607,-0.1096234023571014,0.4712139368057251,0.4744716286659241,-0.0977833569049835,0
574,0.4493229687213897,-0.1269779354333877,0.4680469632148742,0.4740473628044128,-0.1055093184113502,0
575,0.44854736328125,-0.1332057416439056,0.4657257795333862,0.4738169908523559,-0.1110041141510009,1
576,0.4477864503860473,-0.131874218583107,0.4644115567207336,0.4739991426467895,-0.1144156008958816,1
577,0.4509901404380798,-0.1254986077547073,0.4655893743038177,0.4744403958320617,-0.1108483001589775,1
578,0.4561790525913238,-0.1149889975786209,0.4717207551002502,0.4760702252388,-0.1018908694386482,1
579,0.4626938700675964,-0.0901446267962455,0.477750688791275,0.4775490462779999,-0.0923574715852737,1
580,0.4668023288249969,-0.0791512206196785,0.4810875654220581,0.4781545102596283,-0.0858311802148819,1
581,0.4678235948085785,-0.0693268105387687,0.4825593531131744,0.4785199463367462,-0.0824052020907402,1
582,0.4632518887519836,-0.0738798603415489,0.4814449846744537,0.4778400063514709,-0.084835335612297,0
583,0.46026411652565,-0.0805797129869461,0.4786981344223022,0.4765061140060425,-0.0932861343026161,0
584,0.4569358229637146,-0.0890410542488098,0.4759517610073089,0.475317120552063,-0.1013775393366813,1
585,0.4579555988311767,-0.0967094972729682,0.4768651723861694,0.4749170243740082,-0.1029306128621101,1
586,0.4629352986812591,-0.0877048000693321,0.4805251061916351,0.4753977656364441,-0.098103180527687,1
587,0.4737950265407562,-0.0751952230930328,0.485774964094162,0.4764315187931061,-0.0883757546544075,1
588,0.4747842848300934,-0.0673941671848297,0.4864604473114013,0.4766908288002014,-0.085757091641426,0
589,0.4717550277709961,-0.0685780718922615,0.4869131445884704,0.4765724241733551,-0.085540547966957,0
590,0.4617883265018463,-0.0842883586883544,0.4822299778461456,0.4751807749271393,-0.0946175828576088,0
591,0.4518641233444214,-0.101021409034729,0.4734653532505035,0.4730342328548431,-0.1113068684935569,0
592,0.445463478565216,-0.1273877024650573,0.465739905834198,0.4707279205322265,-0.1244623214006424,0
593,0.4423106610774994,-0.145644411444664,0.4615382850170135,0.4691027998924255,-0.1326756775379181,0
594,0.4423888921737671,-0.149134024977684,0.4618765711784363,0.468521237373352,-0.1362007707357406,0
595,0.4587053954601288,-0.1216136217117309,0.4756989479064941,0.471240758895874,-0.115287147462368,1
596,0.4856908023357391,-0.0819368585944175,0.4898120760917663,0.4744724631309509,-0.0918697416782379,1
597,0.4933710694313049,-0.0479063056409359,0.4951462745666504,0.4762986302375793,-0.0758102908730506,1
598,0.4905342757701874,-0.0553566962480545,0.4939824938774109,0.4759544134140014,-0.0748091638088226,1
599,0.4636738300323486,-0.0679688081145286,0.4868394434452057,0.4742381274700165,-0.0900449082255363,1
600,0.45237797498703,-0.0912360697984695,0.4823362231254577,0.4721569716930389,-0.1027530431747436,1
601,0.4522532224655151,-0.1078021600842475,0.4745756983757019,0.4697281718254089,-0.1170324385166168,1
602,0.4524555206298828,-0.1156785264611244,0.4727261662483215,0.4696322977542877,-0.1202354431152343,1
603,0.4595367312431335,-0.1186097487807273,0.4771536290645599,0.4699454009532928,-0.1108088195323944,1
604,0.4691146612167358,-0.102653332054615,0.4836391508579254,0.4708007872104645,-0.1044496744871139,1
605,0.4630735218524933,-0.0922907590866088,0.4828226864337921,0.4710431396961212,-0.1081925630569458,1
606,0.4502069652080536,-0.1211413815617561,0.4725947082042694,0.4692578315734863,-0.1251215040683746,1
607,0.4354149103164673,-0.1557261347770691,0.4606789350509643,0.4671413898468017,-0.1457758098840713,1
608,0.417905330657959,-0.1902481764554977,0.4444356262683868,0.4636638760566711,-0.1665801405906677,1
609,0.4159608483314514,-0.2121567726135254,0.4361172616481781,0.461376816034317,-0.1801060438156128,1
610,0.4181022047996521,-0.2186758816242218,0.435147762298584,0.4601728022098541,-0.1831808090209961,1
611,0.4265308976173401,-0.222476989030838,0.4445962309837341,0.4605764746665954,-0.1739666163921356,1
612,0.4386726319789886,-0.187215119600296,0.4566352069377899,0.4627690315246582,-0.1639289855957031,1
613,0.4419287443161011,-0.1615930497646331,0.4600676596164703,0.4634301960468292,-0.1576471328735351,0
614,0.4355084002017975,-0.1638000905513763,0.4578573107719421,0.4632124602794647,-0.1548824161291122,0
615,0.4343910217285156,-0.159288227558136,0.4587727189064026,0.4636105000972748,-0.1550588607788086,0
616,0.4338388741016388,-0.1679435074329376,0.4581836462020874,0.4625504314899444,-0.1602287739515304,0
617,0.4349507987499237,-0.1703579425811767,0.4566867053508758,0.4610281586647033,-0.165033221244812,0
618,0.4385268688201904,-0.1771813482046127,0.4586360454559326,0.460113525390625,-0.1633019298315048,0
619,0.4421696066856384,-0.1676626056432724,0.4649055004119873,0.4607456028461456,-0.1550604701042175,0
620,0.4517434239387512,-0.1453165858983993,0.4737198054790497,0.4620125889778137,-0.1440232843160629,0
621,0.4611447751522064,-0.1210355758666992,0.4818497002124786,0.4635163247585296,-0.1297873854637146,1
622,0.4769897758960724,-0.1027214601635932,0.48947274684906,0.4652866721153259,-0.1162161603569984,1
623,0.4856843650341034,-0.0903649553656578,0.4940749406814575,0.4661839604377746,-0.1080217659473419,1
624,0.4861414134502411,-0.0837020128965377,0.495439350605011,0.4660416841506958,-0.1058406457304954,1
625,0.4785112142562866,-0.0854318365454673,0.4932819604873657,0.4651632905006408,-0.1089776903390884,1
626,0.4699710607528686,-0.0904347002506256,0.4913527369499206,0.46455779671669,-0.1127175390720367,0
627,0.4663222134113312,-0.0987310335040092,0.4887584745883941,0.4639269113540649,-0.1171218007802963,0
628,0.4603309631347656,-0.1039591282606124,0.4858523309230804,0.4636589586734772,-0.1211286336183548,0
629,0.4562118947505951,-0.1152918338775634,0.4808716177940368,0.4629615843296051,-0.1273515820503235,0
630,0.4481944143772125,-0.1369537860155105,0.4741820693016052,0.4618608653545379,-0.1361023336648941,0
631,0.4402325451374054,-0.1563425660133361,0.4681683778762817,0.4610954821109772,-0.1460558027029037,0
632,0.4345396757125854,-0.1731366962194442,0.4622775316238403,0.4604034721851349,-0.1553663164377212,0
633,0.433592677116394,-0.1804214864969253,0.4595019519329071,0.4603669047355652,-0.1577789187431335,0
634,0.4330856800079345,-0.1839091032743454,0.4561241269111633,0.4601602554321289,-0.1579567939043045,0
635,0.4380727708339691,-0.1772177368402481,0.4599092602729797,0.4612122476100921,-0.1500167101621627,0
636,0.4476895928382873,-0.1539358645677566,0.4684187769889831,0.4628416001796722,-0.1380832493305206,1
637,0.4555065631866455,-0.1342679858207702,0.4760565757751465,0.4642205834388733,-0.1280268430709839,0
638,0.4638117253780365,-0.1093491911888122,0.4832471013069153,0.4659023582935333,-0.1170643419027328,1
639,0.472134917974472,-0.0961138755083084,0.4880108535289764,0.4672685861587524,-0.1083980575203895,1
640,0.617713987827301,1.08722722530365,0.5920293927192688,0.5301817655563354,0.1486577838659286,0
641,0.6149530410766602,1.1096227169036863,0.588791012763977,0.5310683250427246,0.1462585180997848,0
642,0.6058328747749329,1.0292928218841553,0.5800058841705322,0.5302355885505676,0.1402333527803421,0
643,0.5767452120780945,0.8703089952468872,0.5620377659797668,0.5274601578712463,0.1250404417514801,0
644,0.5330122113227844,0.5702745318412781,0.539757251739502,0.5234820246696472,0.099994957447052,0
645,0.4848442375659942,0.3088087737560272,0.521239161491394,0.5193280577659607,0.0788509547710418,0
646,0.4634686410427093,0.2334458827972412,0.5103167295455933,0.5170012712478638,0.0674047097563743,0
647,0.4763661026954651,0.2561599910259247,0.5051112174987793,0.5176762938499451,0.0640975311398506,0
648,0.5016220211982727,0.3154280483722687,0.5100258588790894,0.5215978622436523,0.0749597549438476,0
649,0.5284720063209534,0.5230225324630737,0.5225661396980286,0.5259907841682434,0.0920853167772293,0
650,0.5692334175109863,0.7537131309509277,0.543647050857544,0.5332474708557129,0.1211789026856422,1
651,0.5983779430389404,0.8195728063583374,0.5566341280937195,0.53879314661026,0.1406305134296417,1
652,0.606370210647583,0.90746408700943,0.5641039609909058,0.5432945489883423,0.1539657115936279,1
653,0.610004723072052,1.0095032453536987,0.5760408639907837,0.5479177832603455,0.1751132756471634,1
654,0.6156700253486633,1.0556702613830566,0.5842453837394714,0.5519853234291077,0.1901931911706924,1
655,0.6204119324684143,1.087862491607666,0.584000825881958,0.5539047122001648,0.1935363411903381,1
656,0.6208821535110474,1.1647276878356934,0.5827063322067261,0.5542846322059631,0.19755619764328,1
657,0.6166331171989441,1.1786713600158691,0.581454336643219,0.5542066693305969,0.190664917230606,0
658,0.6098979711532593,1.1414899826049805,0.5748993158340454,0.553072452545166,0.1791955083608627,1
659,0.6016629934310913,1.1043150424957275,0.5593757033348083,0.5494356155395508,0.1604025214910507,0
660,0.5819173455238342,0.9649899005889891,0.545225977897644,0.5478881001472473,0.1458369046449661,0
661,0.5621665120124817,0.8380547761917114,0.5383331179618835,0.5469121932983398,0.1379846781492233,0
662,0.558772087097168,0.7966707944869995,0.5332615971565247,0.5460820198059082,0.1297373622655868,0
663,0.5568283200263977,0.6595881581306458,0.5275260806083679,0.5448411703109741,0.1209510266780853,0
664,0.5526573657989502,0.6285488605499268,0.5248470902442932,0.5443599820137024,0.1188751906156539,0
665,0.5501419305801392,0.6231768727302551,0.5252256989479065,0.5447630882263184,0.1169343218207359,0
666,0.5580459833145142,0.629384458065033,0.5290319323539734,0.5469827651977539,0.1243650689721107,0
667,0.5852067470550537,0.8164865374565125,0.5386209487915039,0.5507314205169678,0.1393104046583175,0
668,0.6090043187141418,1.0027846097946167,0.5546420812606812,0.5562435984611511,0.1658356487751007,0
669,0.6234437823295593,1.1089808940887451,0.5717259645462036,0.5612995624542236,0.1936851441860199,0
670,0.6348572969436646,1.1952465772628784,0.5847365856170654,0.5660644173622131,0.2128075808286667,0
671,0.6336003541946411,1.1760019063949585,0.5869194269180298,0.5666179656982422,0.2174521386623382,0
672,0.627169132232666,1.1776883602142334,0.5850847363471985,0.5665295124053955,0.217465192079544,0
673,0.6281055808067322,1.2314372062683103,0.587053656578064,0.5683278441429138,0.2200630903244018,0
674,0.6451044678688049,1.4044227600097656,0.602492094039917,0.5744534730911255,0.2523476481437683,0
675,0.6605945825576782,1.4909075498580933,0.6162413954734802,0.5797756314277649,0.2847910821437835,0
676,0.6725119352340698,1.5336352586746216,0.6309945583343506,0.5866841077804565,0.3224878013134002,0
677,0.6782365441322327,1.6133043766021729,0.6444884538650513,0.5917962789535522,0.3522715866565704,0
678,0.6797361373901367,1.6099299192428589,0.65338534116745,0.5962340831756592,0.3734973967075348,1
679,0.6787243485450745,1.660899996757507,0.6549106240272522,0.5986611843109131,0.3854176104068756,1
680,0.6802040338516235,1.690900444984436,0.6536774039268494,0.6021667718887329,0.400346964597702,1
681,0.6794652938842773,1.7018893957138062,0.6514860391616821,0.6043859720230103,0.4043586254119873,1
682,0.6801193952560425,1.8022940158843996,0.6496223211288452,0.6055195927619934,0.4079919755458832,0
683,0.6890630722045898,1.9770841598510744,0.6532427072525024,0.6075491905212402,0.411121129989624,1
684,0.6929015517234802,1.9613056182861328,0.6514126062393188,0.6090387105941772,0.40800341963768,1
685,0.6886416077613831,1.915359139442444,0.6417920589447021,0.6077826619148254,0.3922608196735382,1
686,0.6790819764137268,1.7765051126480105,0.6270383596420288,0.6065582036972046,0.3716101348400116,1
687,0.6673564910888672,1.529120922088623,0.6120681762695312,0.6044713854789734,0.3449092209339142,1
688,0.6593424081802368,1.4744720458984375,0.6005610823631287,0.6026196479797363,0.3229609131813049,1
689,0.6596461534500122,1.5305713415145874,0.5955474376678467,0.6014138460159302,0.3092603087425232,1
690,0.6629183888435364,1.5621073246002195,0.5960232019424438,0.602109432220459,0.3053249716758728,1
691,0.667310357093811,1.601242184638977,0.598852813243866,0.6033616065979004,0.3072560727596283,1
692,0.669829785823822,1.6235991716384888,0.5983361005783081,0.6037002801895142,0.3061132431030273,1
693,0.672382116317749,1.609131932258606,0.5986731052398682,0.60475754737854,0.3048456013202667,1
694,0.6741760969161987,1.6593356132507324,0.6010175943374634,0.6061657667160034,0.301625519990921,1
695,0.6736199855804443,1.6755123138427734,0.5989462733268738,0.6052501201629639,0.2943611443042755,1
696,0.6728163361549377,1.6445906162261963,0.5968296527862549,0.6047391295433044,0.2883676290512085,1
697,0.6696316003799438,1.5901588201522827,0.5904719829559326,0.6031351089477539,0.2749645113945007,0
698,0.6690911054611206,1.608265042304993,0.5896922945976257,0.6025113463401794,0.2722615599632263,1
699,0.6690765619277954,1.590237736701965,0.5905781388282776,0.6018244028091431,0.2717233598232269,1
700,0.6677435636520386,1.5424275398254397,0.5891252756118774,0.601270318031311,0.265220433473587,0
701,0.6628191471099854,1.485077142715454,0.5833671689033508,0.5991520881652832,0.2559268176555633,0
702,0.6573396921157837,1.434166431427002,0.5793711543083191,0.5972222089767456,0.2478274703025818,0
703,0.6559386253356934,1.4319770336151123,0.5800279974937439,0.5968440771102905,0.2458821237087249,0
704,0.6594211459159851,1.4777512550354004,0.5821990966796875,0.5967454314231873,0.2496037185192108,1
705,0.6642645597457886,1.5245672464370728,0.5861594080924988,0.5974200963973999,0.2583394348621368,1
706,0.6653081178665161,1.5023255348205566,0.5907992720603943,0.598180890083313,0.2689104974269867,1
707,0.6663855910301208,1.4852083921432495,0.5951361656188965,0.5986084938049316,0.2770543992519378,1
708,0.6670495271682739,1.4720818996429443,0.5971717238426208,0.5988829135894775,0.2810596525669098,0
709,0.6661405563354492,1.4586297273635864,0.5978220701217651,0.5985734462738037,0.2835977375507355,0
710,0.66304612159729,1.451610088348389,0.5964924693107605,0.5977640748023987,0.280634194612503,0
711,0.6605978608131409,1.440857172012329,0.5953612327575684,0.5970983505249023,0.2785263359546661,0
712,0.6605163812637329,1.4533305168151855,0.5944599509239197,0.5961403250694275,0.2767292261123657,0
713,0.6625316143035889,1.4905322790145874,0.5949609279632568,0.595970869064331,0.2777455151081085,0
714,0.6640826463699341,1.5068955421447754,0.5963271856307983,0.5958136320114136,0.2796836495399475,0
715,0.6646839380264282,1.4880917072296145,0.5979011654853821,0.5962975025177002,0.2820213139057159,0
716,0.6643518209457397,1.467724323272705,0.599194347858429,0.5966912508010864,0.285828024148941,0
717,0.6669691801071167,1.4883121252059937,0.6034789085388184,0.598305344581604,0.301340252161026,1
718,0.6678887605667114,1.447128176689148,0.6066585779190063,0.5998212695121765,0.311186283826828,0
719,0.6691291332244873,1.4535925388336182,0.610818088054657,0.6014914512634277,0.3235081732273102,0
720,0.5213452577590942,1.5967979431152344,0.5370678305625916,0.5818784236907959,0.2072170972824096,0
721,0.5211900472640991,1.6081173419952393,0.5346024036407471,0.5818045139312744,0.2047654837369918,1
722,0.520743727684021,1.5784943103790283,0.5327488780021667,0.5824136137962341,0.2042657136917114,1
723,0.5203984975814819,1.5331920385360718,0.5318827033042908,0.5829788446426392,0.2044826596975326,1
724,0.5206719636917114,1.5385847091674805,0.5329606533050537,0.5837765336036682,0.2086429297924041,1
725,0.5210400223731995,1.4957033395767212,0.5336848497390747,0.5848267078399658,0.2128979712724685,1
726,0.5211235880851746,1.4451615810394287,0.5344036221504211,0.5856326222419739,0.2154266387224197,1
727,0.521095335483551,1.3984524011611938,0.5348795652389526,0.5859540700912476,0.217692568898201,1
728,0.5212461948394775,1.3480902910232544,0.5356324315071106,0.5866132974624634,0.2190544754266739,1
729,0.5214791297912598,1.270909547805786,0.535976767539978,0.587138831615448,0.2197779864072799,1
730,0.521303653717041,1.1953425407409668,0.5345588326454163,0.5864479541778564,0.2160830199718475,1
731,0.5209033489227295,1.1525349617004397,0.5332663059234619,0.5854924321174622,0.2119867503643036,1
732,0.5203365683555603,1.0758955478668213,0.5317478775978088,0.5845726728439331,0.2045052498579025,1
733,0.5183078646659851,0.950600564479828,0.5245562195777893,0.5809404850006104,0.1822653114795684,1
734,0.5129593014717102,0.7648836374282837,0.5170333981513977,0.5767287015914917,0.1604708731174469,0
735,0.5079603791236877,0.4876792430877685,0.5107284188270569,0.5730204582214355,0.1388408839702606,0
736,0.5050881505012512,0.2065659016370773,0.5052151679992676,0.5691746473312378,0.1209734007716178,0
737,0.5041806697845459,0.0242982171475887,0.5008559226989746,0.5657285451889038,0.1118019372224807,0
738,0.5031123161315918,0.0070669283159077,0.4968533515930176,0.5625828504562378,0.1027452126145362,0
739,0.5019893646240234,0.0064434204250574,0.4981516599655151,0.5604936480522156,0.100887507200241,0
740,0.5010157227516174,0.0058935545384883,0.4993036389350891,0.5579601526260376,0.0993076786398887,0
741,0.5025944113731384,0.0118557941168546,0.5001695156097412,0.5564196109771729,0.0971741527318954,1
742,0.5020100474357605,0.0108621977269649,0.4998542964458465,0.5546692609786987,0.0962039604783058,1
743,0.5026004314422607,0.0064955013804137,0.5013682842254639,0.5522706508636475,0.097691386938095,1
744,0.5051660537719727,0.0161622185260057,0.5061068534851074,0.5513042211532593,0.1024370491504669,1
745,0.5095550417900085,0.0217794124037027,0.510514497756958,0.5503218770027161,0.106153517961502,1
746,0.5137062668800354,0.0243356712162494,0.514879047870636,0.5486561059951782,0.108709804713726,1
747,0.5132781267166138,0.025523941963911,0.5163686275482178,0.5468845367431641,0.1091232523322105,1
748,0.5114864110946655,0.0190516710281372,0.5150813460350037,0.5447759628295898,0.1010606288909912,1
749,0.5088549256324768,0.0153761729598045,0.5112780332565308,0.5418686866760254,0.0904126614332199,1
750,0.5053179860115051,-0.0004049837589263,0.5080779194831848,0.5386012196540833,0.0819808840751648,1
751,0.5013894438743591,-0.0093819592148065,0.5055915117263794,0.5356661081314087,0.071775808930397,1
752,0.4972481429576874,-0.0186067763715982,0.5021787881851196,0.5320804715156555,0.057829700410366,1
753,0.495778352022171,-0.0316923260688781,0.4998889863491058,0.5289804935455322,0.050339862704277,1
754,0.4930903017520904,-0.0402112416923046,0.4962503314018249,0.5271040797233582,0.0402668714523315,0
755,0.49176025390625,-0.0454584695398807,0.4934698343276977,0.5258036255836487,0.0341735631227493,1
756,0.4913614094257355,-0.0526440069079399,0.491703599691391,0.5246010422706604,0.029249407351017,1
757,0.4897829592227936,-0.0556682758033275,0.4893555343151092,0.5231249332427979,0.0233742166310548,0
758,0.4883236289024353,-0.0605581551790237,0.4881234765052795,0.5212295651435852,0.0184750463813543,0
759,0.4868748784065246,-0.0642634257674217,0.4863402843475342,0.5196167230606079,0.0128273572772741,0
760,0.4866904020309448,-0.0668099150061607,0.4863761961460113,0.51827073097229,0.0095224380493164,0
761,0.4866072535514831,-0.0667797923088073,0.4859610199928283,0.517096757888794,0.0082042682915925,1
762,0.4875674247741699,-0.0691530555486679,0.4861328899860382,0.5154860019683838,0.0067527592182159,0
763,0.4886809885501861,-0.0651405602693557,0.4881683886051178,0.5149983167648315,0.0102431625127792,0
764,0.4928062856197357,-0.0620218813419342,0.4930167198181152,0.5152196884155273,0.0186457559466362,1
765,0.4961833357810974,-0.0499813668429851,0.4974085092544555,0.5156714916229248,0.026177130639553,1
766,0.4979126751422882,-0.0436827056109905,0.4996761381626129,0.5157569050788879,0.0316693820059299,1
767,0.4987527728080749,-0.0440920069813728,0.5017117261886597,0.5156635046005249,0.0347602404654026,1
768,0.4945138990879059,-0.0438257753849029,0.4995351135730743,0.5136649012565613,0.0269681140780448,1
769,0.492864042520523,-0.0488269813358783,0.4987254440784454,0.5123199224472046,0.0227848049253225,1
770,0.4935741424560547,-0.0564857795834541,0.4980493783950805,0.5113083720207214,0.017592778429389,1
771,0.4939272999763489,-0.0565373711287975,0.4973668158054352,0.510456383228302,0.0156738720834255,1
772,0.4945419132709503,-0.0617423355579376,0.4973167479038238,0.5097944736480713,0.0173509232699871,1
773,0.4935023486614227,-0.0636604353785514,0.4953530728816986,0.5094211101531982,0.0132177639752626,1
774,0.4904205799102783,-0.0666816011071205,0.494105190038681,0.5085789561271667,0.008867759257555,1
775,0.484218418598175,-0.0770767629146575,0.4885031282901764,0.5062395930290222,-0.0049624014645814,1
776,0.4795320332050323,-0.087760180234909,0.4831857681274414,0.5038713216781616,-0.0200778562575578,0
777,0.4750813841819763,-0.1007487922906875,0.4777182340621948,0.5019118189811707,-0.0317445993423461,0
778,0.4736872613430023,-0.1130685061216354,0.4729911386966705,0.4993566274642944,-0.0420650318264961,0
779,0.4736430644989013,-0.1145923808217048,0.4719326496124267,0.4981068670749664,-0.0449811145663261,0
780,0.4760954976081848,-0.1190428733825683,0.4735018312931061,0.4978436827659607,-0.043846495449543,0
781,0.4787247478961944,-0.11426842212677,0.4762653708457947,0.4972918927669525,-0.0433228611946105,0
782,0.4771038889884949,-0.1099309921264648,0.4752724468708038,0.4961473941802978,-0.0445088967680931,0
783,0.4762269556522369,-0.1163403168320655,0.4740850925445556,0.4954344630241394,-0.0471630617976188,0
784,0.4761320054531097,-0.1119924560189247,0.4745199084281921,0.4950371086597442,-0.0461922511458396,0
785,0.4778405725955963,-0.1095597594976425,0.4776108562946319,0.4944628179073334,-0.0396724864840507,0
786,0.4818006753921509,-0.1014260798692703,0.4815968573093414,0.4942074418067932,-0.0340125113725662,0
787,0.4856055378913879,-0.094752125442028,0.4863961338996887,0.4942681193351745,-0.0274594817310571,1
788,0.4879016578197479,-0.0929629802703857,0.4909085035324096,0.4937892258167267,-0.0208787154406309,1
789,0.490086168050766,-0.0820369198918342,0.4938778281211853,0.4947448670864105,-0.0157254058867692,1
790,0.4914626777172088,-0.080590546131134,0.4941228628158569,0.4954252243041992,-0.0143201779574155,1
791,0.4909831881523132,-0.0827105641365051,0.4927612841129303,0.494817852973938,-0.01526958681643,1
792,0.4886784553527832,-0.086241990327835,0.4929092526435852,0.4940958023071289,-0.0152194183319807,1
793,0.4870047271251678,-0.0880361199378967,0.4923411309719085,0.4933067858219147,-0.0189462956041097,1
794,0.4853409230709076,-0.0908402800559997,0.4900846183300018,0.4922817051410675,-0.0261900480836629,1
795,0.4829524457454681,-0.1002899184823036,0.4874837100505829,0.491166740655899,-0.0299321208149194,1
796,0.4805001020431518,-0.1061528101563453,0.4853576421737671,0.4911938011646271,-0.0341083258390426,1
797,0.4798502624034881,-0.1060973554849624,0.4834515750408172,0.4915309548377991,-0.0366734862327575,1
798,0.4799709916114807,-0.1102670729160308,0.4816718399524688,0.4914809465408325,-0.0380910784006118,1
799,0.4788585305213928,-0.1122905388474464,0.4807063639163971,0.4916587173938751,-0.0390128716826438,1
800,0.5967428684234619,0.0497894510626792,0.5585311651229858,0.50115567445755,0.0810437649488449,1
801,0.5970882177352905,0.0528687909245491,0.5592856407165527,0.5036495923995972,0.0933537110686302,1
802,0.5970126390457153,0.058012805879116,0.5585313439369202,0.5059889554977417,0.0996918007731437,1
803,0.597420334815979,0.0647270604968071,0.5603863596916199,0.5081526041030884,0.1071780547499656,1
804,0.5969489812850952,0.0482955127954483,0.5582482814788818,0.5078503489494324,0.1053377613425254,1
805,0.591675341129303,0.0449480190873146,0.5555216073989868,0.5083305835723877,0.1029608771204948,1
806,0.5796862840652466,0.0291503481566905,0.549616277217865,0.5086633563041687,0.0997108668088913,1
807,0.5676676630973816,0.0112927965819835,0.5428199768066406,0.5088937878608704,0.0962416678667068,1
808,0.5571103692054749,0.0088656246662139,0.5386741161346436,0.5095431208610535,0.0971776470541954,1
809,0.5495773553848267,-0.0030692601576447,0.5336227416992188,0.5092867612838745,0.0916885957121849,1
810,0.5501915812492371,-0.0033844718709588,0.5335685610771179,0.5097368955612183,0.0912033468484878,1
811,0.5440029501914978,-0.0146582024171948,0.532322108745575,0.5093047022819519,0.0893097817897796,1
812,0.5413312911987305,-0.0140968868508934,0.5317522287368774,0.5101884603500366,0.0891038179397583,1
813,0.5402016043663025,-0.0063923662528395,0.5294016003608704,0.5106143355369568,0.0887732878327369,1
814,0.5338806509971619,-0.0134450858458876,0.5267525315284729,0.5098357200622559,0.08630982786417,1
815,0.5321904420852661,-0.0084803169593214,0.5292191505432129,0.5096352100372314,0.0854976773262023,1
816,0.5413392782211304,0.0021137678995728,0.5315109491348267,0.5096938014030457,0.0850754976272583,1
817,0.5538012385368347,0.0026215333491563,0.5346587300300598,0.5091575384140015,0.084758773446083,1
818,0.5512296557426453,0.0110510922968387,0.5345081090927124,0.5084107518196106,0.0845464468002319,1
819,0.5541363954544067,0.0067539275623857,0.5370491743087769,0.5082092881202698,0.0850358307361602,0
820,0.5556418895721436,0.0236244853585958,0.5386728048324585,0.5078921914100647,0.0838478505611419,1
821,0.5557315945625305,0.0183100886642932,0.5375486016273499,0.5057801604270935,0.0766605585813522,1
822,0.5565624237060547,0.0176564846187829,0.5379758477210999,0.5038475394248962,0.0716160088777542,1
823,0.5521640181541443,0.0085343960672616,0.5361682176589966,0.5019569993019104,0.0628770291805267,1
824,0.5530796647071838,0.0037360452115535,0.5361602306365967,0.5003771185874939,0.0586646571755409,1
825,0.5600861310958862,0.0055237472988665,0.5357509255409241,0.4992657303810119,0.0563920885324478,1
826,0.5629615783691406,0.0123069835826754,0.5376760959625244,0.4994436204433441,0.0585669949650764,1
827,0.5593229532241821,0.0034752134233713,0.5369216799736023,0.4979143440723419,0.0531306192278862,1
828,0.5465461611747742,-0.0085040563717484,0.5311644673347473,0.4946104884147644,0.0387669578194618,1
829,0.5350679755210876,-0.0229659043252468,0.5275185108184814,0.4917020797729492,0.0260059405118227,1
830,0.5217053890228271,-0.034094650298357,0.5208313465118408,0.488905519247055,0.0113357678055763,1
831,0.515207827091217,-0.0535650663077831,0.5157012939453125,0.4857650399208069,-0.0013189800083637,0
832,0.5141676068305969,-0.0586728192865848,0.5127105712890625,0.4840450882911682,-0.0078793168067932,0
833,0.5139847993850708,-0.0724688991904258,0.5100774168968201,0.4820559322834015,-0.0170998089015483,0
834,0.5098159313201904,-0.0731565579771995,0.5084586143493652,0.479701429605484,-0.0245413556694984,0
835,0.5002924799919128,-0.087151363492012,0.5051573514938354,0.4769308269023895,-0.0371271446347236,0
836,0.4879511892795563,-0.0877248868346214,0.5029112100601196,0.4751811325550079,-0.0475673526525497,0
837,0.4813394546508789,-0.1013208255171775,0.4981095790863037,0.4727741181850433,-0.0572458505630493,1
838,0.4866839945316314,-0.1018996313214302,0.4982964098453522,0.4719526171684265,-0.057391233742237,1
839,0.5009183883666992,-0.0862949714064598,0.5033353567123413,0.4728437066078186,-0.0502910763025283,1
840,0.5221478343009949,-0.0727663859724998,0.510313093662262,0.4735062420368194,-0.042522095143795,1
841,0.5381643176078796,-0.0572605095803737,0.5188379883766174,0.4738237857818603,-0.0359261855483055,1
842,0.5439444780349731,-0.0402470268309116,0.5248410701751709,0.4748536348342895,-0.0306698568165302,1
843,0.5497078895568848,-0.0382261164486408,0.5271897912025452,0.475015789270401,-0.0295810215175151,1
844,0.5348427891731262,-0.0428033657371997,0.5199458599090576,0.472531110048294,-0.0402835756540298,0
845,0.5115839242935181,-0.0687597915530204,0.5104091167449951,0.4682886302471161,-0.0605814605951309,0
846,0.4998030662536621,-0.0828877761960029,0.504279375076294,0.4647183120250702,-0.0794787108898162,0
847,0.4846309721469879,-0.1168162450194358,0.4946663081645965,0.4595108032226562,-0.1052448600530624,0
848,0.4719742834568023,-0.1399228870868683,0.4858017861843109,0.4554153680801391,-0.1253424882888794,0
849,0.464098572731018,-0.1640509814023971,0.4769901037216186,0.4529553353786468,-0.13905930519104,0
850,0.4510773122310638,-0.1824291348457336,0.4701942503452301,0.4509919881820678,-0.1481384336948394,0
851,0.4474564790725708,-0.1835581809282302,0.4689611792564392,0.4502885937690735,-0.1492042690515518,0
852,0.451563686132431,-0.1725658476352691,0.4721884727478027,0.4507943093776703,-0.1458961516618728,0
853,0.4518336057662964,-0.162980169057846,0.4759390950202942,0.4510180950164795,-0.1428626477718353,0
854,0.4545880258083343,-0.1592008918523788,0.4803229570388794,0.4511164128780365,-0.1375342309474945,0
855,0.4757851064205169,-0.1388168483972549,0.4902953803539276,0.4530292153358459,-0.1250304132699966,1
856,0.5023330450057983,-0.1029738113284111,0.4999468028545379,0.4555271863937378,-0.1116857081651687,0
857,0.5346797108650208,-0.0827890560030937,0.5093352794647217,0.4570003747940063,-0.0991232246160507,0
858,0.555785059928894,-0.0642423778772354,0.5183555483818054,0.4583911597728729,-0.0891970992088317,1
859,0.5583716034889221,-0.0595530234277248,0.5215379595756531,0.4590194821357727,-0.0878202468156814,1
860,0.5579183101654053,-0.0669894590973854,0.5184476375579834,0.4579654633998871,-0.0926294848322868,1
861,0.5344298481941223,-0.0837604030966758,0.5082292556762695,0.4555766582489013,-0.1042747199535369,1
862,0.4948855638504028,-0.1106459721922874,0.4975721538066864,0.4532290399074554,-0.119694173336029,0
863,0.4724490046501159,-0.1346466988325119,0.487679123878479,0.4509678781032562,-0.1337004899978637,1
864,0.4639888703823089,-0.1574399620294571,0.4809877574443817,0.4490275382995605,-0.1425594836473465,1
865,0.459197998046875,-0.1630006432533264,0.4785278439521789,0.4487591683864593,-0.1438146382570266,0
866,0.4710926711559295,-0.1623187214136123,0.4807480275630951,0.4500167965888977,-0.1376686096191406,0
867,0.4728628396987915,-0.1602485924959182,0.4833725690841675,0.4505887925624847,-0.133859783411026,0
868,0.4768865406513214,-0.1449543684720993,0.4881741404533386,0.4524622559547424,-0.1265081465244293,1
869,0.488087385892868,-0.138573944568634,0.4903255701065063,0.4534763991832733,-0.1235414296388626,0
870,0.4795765578746795,-0.1360583156347274,0.4875606894493103,0.4533354938030243,-0.1253613829612732,1
871,0.4724830389022827,-0.1451540738344192,0.4870054125785827,0.4532004594802856,-0.1257337182760238,1
872,0.4782382547855377,-0.1399420797824859,0.4875833690166473,0.4536393284797668,-0.1247171312570571,0
873,0.4860031008720398,-0.1336322724819183,0.4896593689918518,0.4540025889873504,-0.1220117211341857,1
874,0.4939787685871124,-0.1271471679210662,0.4927020370960235,0.4547022581100464,-0.1159377247095108,1
875,0.4935317039489746,-0.1297927498817443,0.4934340417385101,0.4547795951366424,-0.1164847910404205,0
876,0.4867105484008789,-0.1235597357153892,0.4941065311431885,0.4550001919269562,-0.1153142303228378,1
877,0.4845098555088043,-0.1330386847257614,0.4917244017124176,0.4539666473865509,-0.1210643798112869,0
878,0.4794988632202148,-0.1244656071066856,0.4898757636547088,0.453384667634964,-0.1244833469390869,1
879,0.4894315004348755,-0.1283310055732727,0.4930866062641144,0.4540267884731293,-0.1203193217515945,1
880,0.5171767473220825,-0.0851411372423172,0.486025333404541,0.4641065299510956,-0.1332679539918899,1
881,0.5204264521598816,-0.0770497471094131,0.4900632202625274,0.4646061062812805,-0.1307365447282791,1
882,0.5211461782455444,-0.0823310911655426,0.4880442917346954,0.4648281335830688,-0.1319355517625808,1
883,0.479034960269928,-0.0959540009498596,0.477194607257843,0.4635052382946014,-0.1403640508651733,1
884,0.4142890870571136,-0.1233740150928497,0.457884281873703,0.46063032746315,-0.158653438091278,1
885,0.3794098496437073,-0.1557813286781311,0.4427831470966339,0.4586350619792938,-0.1746203750371933,1
886,0.3631787598133087,-0.1749194264411926,0.4308887124061584,0.4571815729141235,-0.18742436170578,1
887,0.3439899981021881,-0.1961847245693206,0.4164044857025146,0.4551236629486084,-0.2009833604097366,0
888,0.3323681950569153,-0.2170986384153366,0.4054366052150726,0.4533809125423431,-0.2131281346082687,0
889,0.3146531581878662,-0.2372119575738906,0.394656777381897,0.4519460797309875,-0.2246632725000381,0
890,0.3106891512870788,-0.2485541254281997,0.390904426574707,0.4510481655597687,-0.231979414820671,0
891,0.3248621821403503,-0.2429349273443222,0.39401376247406,0.4510695338249206,-0.2316730469465255,0
892,0.3341801762580871,-0.2409118264913559,0.3980478644371032,0.4515602588653564,-0.2306464165449142,0
893,0.3299908638000488,-0.2363412231206894,0.397129625082016,0.4509422183036804,-0.2329559475183487,0
894,0.3422968983650207,-0.2336097210645675,0.4035873413085937,0.4512554407119751,-0.2277397662401199,0
895,0.3723281621932983,-0.2075572311878204,0.4204561710357666,0.4532816410064697,-0.213022232055664,1
896,0.4080838859081268,-0.1789577901363372,0.4331920444965362,0.4549091458320617,-0.2011956572532653,0
897,0.4250020384788513,-0.1673504561185836,0.4405303299427032,0.4547551572322845,-0.1958756446838379,0
898,0.4327147901058197,-0.1534052938222885,0.4526702761650085,0.4559115767478943,-0.1856965273618698,0
899,0.4473566114902496,-0.1363044083118438,0.4624799787998199,0.4572589695453644,-0.1780112385749817,0
900,0.4810356199741363,-0.1171933263540268,0.4672653079032898,0.4577879905700683,-0.1718485206365585,0
901,0.4950083196163177,-0.1200929880142211,0.471086323261261,0.4581891894340515,-0.167475163936615,1
902,0.4753832817077636,-0.1198841333389282,0.4724895358085632,0.4585571885108948,-0.1654851883649826,1
903,0.4848783016204834,-0.1133517622947692,0.4746671915054321,0.458930492401123,-0.1619343906641006,1
904,0.4928264319896698,-0.1052537709474563,0.4753530621528625,0.4594281315803528,-0.1570247560739517,1
905,0.4947084188461303,-0.1000696271657943,0.4776727557182312,0.4611429572105407,-0.1487262547016143,1
906,0.4749161005020141,-0.1028681397438049,0.4754582643508911,0.4614528119564056,-0.1439221799373626,1
907,0.4430185556411743,-0.105023443698883,0.4693284928798675,0.4607510566711426,-0.1476935595273971,0
908,0.4289684295654297,-0.1102572828531265,0.464386910200119,0.4605467319488525,-0.1530668288469314,1
909,0.422505110502243,-0.1322929412126541,0.4554622769355774,0.4598654508590698,-0.161549225449562,0
910,0.4088383316993713,-0.1433787196874618,0.448778361082077,0.4590311646461487,-0.1677625030279159,0
911,0.3931630849838257,-0.1568252444267273,0.4421486854553222,0.4586034417152405,-0.1739472150802612,0
912,0.3858409821987152,-0.1710845828056335,0.431929349899292,0.4580984115600586,-0.1828915029764175,0
913,0.3813342750072479,-0.1817504167556762,0.4276837110519409,0.4578399360179901,-0.1838247776031494,0
914,0.3759148716926574,-0.183983102440834,0.4298560321331024,0.4582104980945587,-0.1808272004127502,0
915,0.3613823056221008,-0.177788108587265,0.4248983561992645,0.4576564431190491,-0.1876896023750305,0
916,0.354549765586853,-0.1843820065259933,0.4216344654560089,0.4571330547332763,-0.1895910203456878,0
917,0.3587511777877807,-0.1875185370445251,0.4252734780311584,0.4575785398483276,-0.1843034476041793,0
918,0.3805012702941894,-0.1606179028749466,0.4345745742321014,0.4591942131519317,-0.1746635884046554,0
919,0.4211921691894531,-0.1482594013214111,0.4452842473983764,0.460452526807785,-0.1642753481864929,0
920,0.4660600125789642,-0.1311824917793274,0.4580789506435394,0.462054431438446,-0.152254432439804,0
921,0.5080609917640686,-0.1006854921579361,0.4782472550868988,0.4650308787822723,-0.1321166306734085,0
922,0.5511412620544434,-0.0677226036787033,0.495001882314682,0.4679676294326782,-0.1127922236919403,0
923,0.5788330435752869,-0.0368025861680507,0.5063660144805908,0.4708307087421417,-0.0957293063402175,0
924,0.5707244277000427,-0.0273311547935009,0.513200581073761,0.4725821912288666,-0.0822708904743194,0
925,0.5788768529891968,-0.0127741023898124,0.5224865674972534,0.4745864272117615,-0.0683159828186035,0
926,0.5953983068466187,0.009951302781701,0.5289120674133301,0.4759590327739715,-0.0598374940454959,0
927,0.6040946245193481,0.0215263050049543,0.5343523621559143,0.4779797196388244,-0.0480378530919551,0
928,0.6198384761810303,0.0353620052337646,0.5458197593688965,0.481485366821289,-0.0271400474011898,0
929,0.6283221244812012,0.0692186206579208,0.5583209991455078,0.4858805537223816,-0.0006141103804111,0
930,0.6473265290260315,0.1122040748596191,0.5793513059616089,0.4927472174167633,0.0362083427608013,0
931,0.658689022064209,0.1505315899848938,0.5909451842308044,0.4981751143932342,0.0647953152656555,0
932,0.6663979291915894,0.1905344426631927,0.6110861897468567,0.5055199265480042,0.1035202592611312,0
933,0.6740609407424927,0.2388669997453689,0.6332566738128662,0.5135862231254578,0.1447442322969436,0
934,0.6802127957344055,0.2935581505298614,0.6437727808952332,0.5213010311126709,0.1759301275014877,1
935,0.6858128309249878,0.3272747099399566,0.6565182209014893,0.5292196869850159,0.213059514760971,1
936,0.6879290342330933,0.3436479866504669,0.6629160046577454,0.536257266998291,0.2422077357769012,1
937,0.6909297704696655,0.3826858401298523,0.6731141209602356,0.5440871119499207,0.270163357257843,1
938,0.6917495131492615,0.3969025313854217,0.6745189428329468,0.5493789911270142,0.2876916229724884,1
939,0.6896897554397583,0.3962103128433227,0.6693876385688782,0.5547617673873901,0.2980797886848449,1
940,0.6785386800765991,0.3898208737373352,0.6598389744758606,0.5581920742988586,0.305141806602478,1
941,0.6645405292510986,0.3595228493213653,0.642763614654541,0.5602260231971741,0.3015442192554474,0
942,0.6506944894790649,0.3411478102207184,0.6251110434532166,0.5609199404716492,0.2913245558738708,0
943,0.6316307783126831,0.2971135377883911,0.6034335494041443,0.5600386261940002,0.2766993939876556,0
944,0.6164271235466003,0.2580755054950714,0.5869653224945068,0.5592385530471802,0.2629847228527069,0
945,0.5985157489776611,0.2412695288658142,0.5694511532783508,0.5580732822418213,0.2489103823900222,1
946,0.5839410424232483,0.2095275819301605,0.5583101511001587,0.5593414306640625,0.2436025589704513,1
947,0.5923163890838623,0.2110209465026855,0.5549587607383728,0.5618700981140137,0.2500092983245849,1
948,0.6102474927902222,0.2344989776611328,0.5668491721153259,0.5689875483512878,0.2782161235809326,1
949,0.6190881133079529,0.2659546136856079,0.5751945972442627,0.5730372667312622,0.2942507863044739,1
950,0.627878725528717,0.3008158504962921,0.5827728509902954,0.577094316482544,0.3096866011619568,1
951,0.6322841048240662,0.3051788508892059,0.5957456827163696,0.5800294280052185,0.3250401318073272,1
952,0.6254400014877319,0.3292021751403808,0.5942203998565674,0.5798485279083252,0.3190822601318359,1
953,0.6260557770729065,0.3169093132019043,0.5935980081558228,0.57863450050354,0.3099904060363769,1
954,0.6231235861778259,0.287011444568634,0.5876511335372925,0.5753583908081055,0.2968796789646148,1
955,0.620506227016449,0.2720934450626373,0.5828697681427002,0.5736757516860962,0.2836690843105316,1
956,0.6141307950019836,0.2500374317169189,0.5729235410690308,0.5680572986602783,0.2651716470718384,0
957,0.600886344909668,0.2073566168546676,0.5564242005348206,0.5627735257148743,0.2368092387914657,0
958,0.5364172458648682,0.1690176576375961,0.5389460325241089,0.5560195446014404,0.2066710293292999,0
959,0.4685017168521881,0.1225631982088089,0.5207384824752808,0.5495973825454712,0.1798722743988037,1
960,0.400248110294342,-0.1795115619897842,0.4564194083213806,0.4860747456550598,-0.0543905906379222,1
961,0.4024282097816467,-0.1799794733524322,0.4588779211044311,0.4846638739109039,-0.0592906810343265,1
962,0.4150870740413666,-0.1760788261890411,0.4583660364151001,0.4834630191326141,-0.0663752853870391,1
963,0.4097276329994201,-0.1844762116670608,0.4543954133987427,0.4813796579837799,-0.0774531960487365,1
964,0.3806832134723663,-0.199181780219078,0.4455231726169586,0.4789021015167236,-0.0934474021196365,1
965,0.3525014519691467,-0.2196009904146194,0.4318578243255615,0.4749568998813629,-0.1152625232934951,1
966,0.3332369029521942,-0.2450421303510666,0.4182904362678528,0.4707688987255096,-0.1376063376665115,1
967,0.3172593116760254,-0.264212042093277,0.4075373411178589,0.4673463106155395,-0.1584823727607727,1
968,0.305998682975769,-0.2863273918628692,0.3986761569976806,0.4640601873397827,-0.1779664009809494,1
969,0.2970445454120636,-0.3012642562389374,0.3901695013046264,0.4614027738571167,-0.1953383982181549,1
970,0.2828781306743622,-0.3251533210277557,0.3792556822299957,0.4583339095115661,-0.2143990397453308,1
971,0.2797079086303711,-0.3405744433403015,0.3726174831390381,0.4560094177722931,-0.2284009158611297,0
972,0.2744393944740295,-0.3510656654834747,0.3686214089393616,0.4541618824005127,-0.2402377128601074,0
973,0.2740288972854614,-0.3495015203952789,0.3686053156852722,0.4531835615634918,-0.2472731471061706,1
974,0.2738365828990936,-0.3483066856861114,0.366581380367279,0.4520873129367828,-0.2532113790512085,0
975,0.2678349316120147,-0.3523955941200256,0.3637424111366272,0.4505686163902282,-0.2583065629005432,0
976,0.2637914419174194,-0.3517279326915741,0.3642283976078033,0.4497448205947876,-0.2612518072128296,0
977,0.2635413110256195,-0.3470773100852966,0.3648186922073364,0.4486255645751953,-0.2660836577415466,0
978,0.2892737090587616,-0.3258241415023803,0.3767579197883606,0.4500949680805206,-0.2512218058109283,0
979,0.2877922654151916,-0.3155613839626312,0.3795953094959259,0.4501209855079651,-0.2479870915412902,0
980,0.2877453863620758,-0.3056192100048065,0.3795846700668335,0.449516236782074,-0.2477602362632751,0
981,0.2877870798110962,-0.3150297403335571,0.3813906908035278,0.4492380023002624,-0.2467854022979736,0
982,0.2939488291740417,-0.2938598394393921,0.3884507715702057,0.4501019418239593,-0.2374786436557769,0
983,0.3072404861450195,-0.2725792229175567,0.3965918719768524,0.4514056444168091,-0.2273766994476318,0
984,0.312862753868103,-0.2638244926929474,0.3971234261989593,0.4522589147090912,-0.2169519364833831,0
985,0.3182480335235595,-0.2580392360687256,0.4054095149040222,0.4544918239116668,-0.1999305933713913,0
986,0.3176654875278473,-0.224304512143135,0.4173954725265503,0.45717254281044,-0.1741504520177841,0
987,0.3495727181434631,-0.1945591270923614,0.434606522321701,0.4606080651283264,-0.1474461704492569,0
988,0.3726956844329834,-0.1496284008026123,0.4485586285591125,0.4648134112358093,-0.1205842494964599,0
989,0.386884331703186,-0.1416767239570617,0.4621221721172333,0.4685019850730896,-0.0927461832761764,1
990,0.399150550365448,-0.1072109192609787,0.4756819009780884,0.4720222651958465,-0.0680849105119705,1
991,0.4110658466815948,-0.0919779390096664,0.4811245203018188,0.4751247763633728,-0.0531163699924945,0
992,0.448716789484024,-0.0821513906121254,0.4899885058403015,0.4781414270401001,-0.0357659272849559,1
993,0.4603782594203949,-0.0759249776601791,0.4946876764297485,0.4811680018901825,-0.0204326175153255,1
994,0.4348433017730713,-0.0753648579120636,0.4959487915039062,0.4827134609222412,-0.0172165110707283,0
995,0.444494217634201,-0.077469415962696,0.4910274147987366,0.4849799573421478,-0.0132960975170135,0
996,0.4287978410720825,-0.0988617613911628,0.4836739897727966,0.4850144386291504,-0.0141773149371147,0
997,0.3944017291069031,-0.1070644482970237,0.4785516858100891,0.4858900904655456,-0.014665026217699,0
998,0.3997032642364502,-0.1134717985987663,0.4787445664405823,0.4877980649471283,-0.013465330004692,0
999,0.3785331547260284,-0.1269135326147079,0.4660491943359375,0.4865249395370483,-0.0272898189723491,0
1000,0.3679885268211365,-0.1482625305652618,0.459106981754303,0.4856041073799133,-0.0337110497057437,0
1001,0.3997983336448669,-0.1553341746330261,0.4687906503677368,0.4892513751983642,-0.0145255848765373,1
1002,0.4316170811653137,-0.1164566203951835,0.4805939197540283,0.4947073459625244,0.0056097581982612,0
1003,0.455288290977478,-0.0902659744024276,0.489657461643219,0.4984757900238037,0.0293350033462047,0
1004,0.4915954172611236,-0.0843788012862205,0.5021113157272339,0.5026534795761108,0.0553427562117576,0
1005,0.4880530536174774,-0.0387947112321853,0.5181726217269897,0.5076191425323486,0.0769052356481552,1
1006,0.5209649205207825,-0.0003612274304032,0.5370133519172668,0.5127855539321899,0.1052078902721405,1
1007,0.5662739872932434,0.0242174640297889,0.5456778407096863,0.5159054398536682,0.1233159750699997,1
1008,0.5570385456085205,0.0356975942850112,0.5481587648391724,0.5185137987136841,0.1328080743551254,1
1009,0.5614786148071289,0.0255230106413364,0.5543133020401001,0.5204946398735046,0.1447518169879913,1
1010,0.5903633832931519,0.0426036715507507,0.558051586151123,0.5220266580581665,0.1496663689613342,1
1011,0.59132319688797,0.0562853962182998,0.560289204120636,0.5242382287979126,0.1545627117156982,1
1012,0.5744468569755554,0.0233243256807327,0.5494994521141052,0.5225526094436646,0.1435974240303039,1
1013,0.5428353548049927,0.0053929546847939,0.5363738536834717,0.5200984477996826,0.1265067607164383,1
1014,0.477211982011795,-0.0307635627686977,0.5221168994903564,0.5177037119865417,0.1065394133329391,0
1015,0.4737341701984405,-0.0533656366169452,0.5069018006324768,0.5143525004386902,0.0842735171318054,0
1016,0.4768683910369873,-0.0724321827292442,0.4973102509975433,0.5121896266937256,0.0729081183671951,0
1017,0.4408169686794281,-0.1045362949371337,0.491842657327652,0.5112478137016296,0.0649164840579032,0
1018,0.4593998193740845,-0.0981692671775817,0.4915729165077209,0.5115360617637634,0.0611505061388015,0
1019,0.4633090794086456,-0.0994414985179901,0.4893503785133362,0.5107537508010864,0.0615261644124984,1
1020,0.4639793634414673,-0.1068509072065353,0.4925171136856079,0.5114854574203491,0.0650477185845375,0
1021,0.4858816564083099,-0.0809672698378562,0.5006973743438721,0.5138144493103027,0.07308991253376,1
1022,0.4846187829971313,-0.0745920091867446,0.5050658583641052,0.5142123699188232,0.0772077962756156,1
1023,0.4958688020706177,-0.0603723116219043,0.5089734196662903,0.5147304534912109,0.0806018933653831,1
1024,0.5192961692810059,-0.0521383844316005,0.5141933560371399,0.5154972672462463,0.0900040790438652,1
1025,0.5274269580841064,-0.0445509068667888,0.5221641063690186,0.5161871314048767,0.097512699663639,1
1026,0.5297718048095703,-0.025587860494852,0.5255305767059326,0.5163424611091614,0.0964804142713546,0
1027,0.5403389930725098,-0.030944176018238,0.526161789894104,0.515283465385437,0.0941032245755195,0
1028,0.5278199911117554,-0.0367900989949703,0.5223273038864136,0.5139408111572266,0.0879677981138229,0
1029,0.4927375018596649,-0.0538218356668949,0.5122033953666687,0.5105506777763367,0.0698524415493011,0
1030,0.459577202796936,-0.0894977375864982,0.49443119764328,0.5046484470367432,0.0367245227098465,0
1031,0.4505315124988556,-0.1153312548995018,0.4842815101146698,0.5014499425888062,0.0172698684036731,0
1032,0.424979418516159,-0.142753466963768,0.4752376079559326,0.4981516599655151,-0.0004071556031703,0
1033,0.4341758489608764,-0.1401780396699905,0.4705135524272918,0.4973178803920746,-0.0042132884263992,0
1034,0.436770886182785,-0.1539443731307983,0.4696700870990753,0.497880071401596,-0.0005306787788867,0
1035,0.4237274825572967,-0.139263778924942,0.4720672070980072,0.4987610280513763,0.0079540368169546,0
1036,0.443106859922409,-0.1166742071509361,0.4854154288768768,0.5008111000061035,0.0249767936766147,0
1037,0.4560257196426391,-0.0861725136637687,0.4953817725181579,0.502792239189148,0.037310142070055,0
1038,0.4887799918651581,-0.0580991469323635,0.5084989666938782,0.5059973001480103,0.0542830824851989,0
1039,0.5008742809295654,-0.0465884618461132,0.516466498374939,0.5071172118186951,0.0700177326798439,0
1040,0.6404876112937927,0.2707240879535675,0.6217530369758606,0.5472106337547302,0.3256531059741974,1
1041,0.6428936719894409,0.2787419557571411,0.6249533891677856,0.5500649213790894,0.3391775488853454,0
1042,0.6420027613639832,0.281063973903656,0.6269471049308777,0.5533784031867981,0.3494040071964264,0
1043,0.6427342295646667,0.2824444472789764,0.6276912689208984,0.5556294918060303,0.3570381700992584,1
1044,0.6412459015846252,0.2790476679801941,0.6245391964912415,0.5573894381523132,0.3575620353221893,1
1045,0.6402841806411743,0.2794975340366363,0.6206656098365784,0.5592725872993469,0.3594067394733429,0
1046,0.6368981599807739,0.2593781650066376,0.6155081987380981,0.560329020023346,0.3606131672859192,0
1047,0.6345236301422119,0.260623037815094,0.61407870054245,0.5623796582221985,0.3639218509197235,1
1048,0.6329997181892395,0.276694655418396,0.6147515773773193,0.5663407444953918,0.3762674927711487,1
1049,0.6328554153442383,0.2780340611934662,0.6139859557151794,0.5689204335212708,0.3823598027229309,1
1050,0.6321065425872803,0.2852404117584228,0.6128592491149902,0.5702899694442749,0.3880409598350525,1
1051,0.6326335668563843,0.2746478617191314,0.6148503422737122,0.5730047225952148,0.3954806923866272,1
1052,0.6341834664344788,0.2986641526222229,0.6185007095336914,0.576916515827179,0.4073976576328277,1
1053,0.6384293437004089,0.3160973489284515,0.6204714179039001,0.5791155695915222,0.4188760221004486,1
1054,0.6385956406593323,0.3140333890914917,0.6207505464553833,0.5807376503944397,0.4260533154010772,1
1055,0.6371570825576782,0.3167313039302826,0.6224258542060852,0.5824270844459534,0.4277900159358978,1
1056,0.6346275806427002,0.3213329315185547,0.6235076189041138,0.5820320844650269,0.4259101450443268,0
1057,0.6332207322120667,0.3203352689743042,0.6198960542678833,0.5805284976959229,0.4153894186019897,0
1058,0.6288414597511292,0.3113656342029571,0.6137995719909668,0.5786600112915039,0.4030561447143554,0
1059,0.6257869005203247,0.2760259509086609,0.6083812713623047,0.575915515422821,0.3904275596141815,0
1060,0.6247356534004211,0.2723591029644012,0.6057493686676025,0.5733916759490967,0.3803938627243042,0
1061,0.6253789663314819,0.2784464061260223,0.6050870418548584,0.5719200372695923,0.3753188550472259,0
1062,0.6265664100646973,0.2747806906700134,0.605728268623352,0.5707653164863586,0.3728218078613281,0
1063,0.6309148669242859,0.2795913219451904,0.612526535987854,0.5735437273979187,0.3893164992332458,0
1064,0.6344547867774963,0.3129180669784546,0.6225289702415466,0.5778692960739136,0.4141108095645904,0
1065,0.6393858790397644,0.3661171495914459,0.6309138536453247,0.5837741494178772,0.4447307288646698,0
1066,0.6483827233314514,0.4117238819599151,0.6428366303443909,0.5892996191978455,0.4825538992881775,0
1067,0.653659462928772,0.4332274794578552,0.6562709808349609,0.5955464839935303,0.5166431665420532,0
1068,0.6603786945343018,0.4837776720523834,0.6722924709320068,0.6018975973129272,0.5451013445854187,0
1069,0.6642730236053467,0.4956943392753601,0.6775385141372681,0.6055431365966797,0.5619105100631714,0
1070,0.6642826199531555,0.4934476613998413,0.6762857437133789,0.6088057160377502,0.5715622305870056,0
1071,0.6609134078025818,0.4849766194820404,0.6708927750587463,0.6110716462135315,0.5805379748344421,1
1072,0.6596407890319824,0.4659425020217895,0.6665107011795044,0.6138277649879456,0.5815893411636353,1
1073,0.6589392423629761,0.5155559182167053,0.6630808115005493,0.6158007383346558,0.583635151386261,1
1074,0.6582322716712952,0.6970561742782593,0.658592700958252,0.6181350946426392,0.5864673256874084,1
1075,0.655354917049408,0.9864919185638428,0.6552472114562988,0.6220673322677612,0.595422089099884,1
1076,0.6519184112548828,1.0210927724838257,0.6513762474060059,0.6267204880714417,0.6064003705978394,1
1077,0.6500750184059143,1.142505407333374,0.64837247133255,0.6316909193992615,0.6207098364830017,1
1078,0.6518493890762329,1.1462024450302124,0.6462600231170654,0.6355274319648743,0.6333064436912537,1
1079,0.6517997980117798,1.1837255954742432,0.6468847393989563,0.638813853263855,0.6424275040626526,1
1080,0.6526039838790894,1.245571255683899,0.6486106514930725,0.6419273018836975,0.6479029059410095,1
1081,0.6501143574714661,1.1272399425506592,0.6453470587730408,0.6433718800544739,0.6465429663658142,1
1082,0.644391655921936,0.969679832458496,0.6376205086708069,0.6443818211555481,0.6455050110816956,1
1083,0.6361555457115173,0.4826835393905639,0.6274697184562683,0.6430080533027649,0.6336386203765869,0
1084,0.630900502204895,0.4541619718074798,0.6215734481811523,0.6413347721099854,0.6188341379165649,0
1085,0.6279392242431641,0.439703106880188,0.618244469165802,0.6363619565963745,0.5947971343994141,0
1086,0.625105619430542,0.4249148666858673,0.6125273108482361,0.6317708492279053,0.5699132084846497,0
1087,0.6242019534111023,0.4063953459262848,0.6098688244819641,0.6269645094871521,0.5525505542755127,0
1088,0.6207379698753357,0.3970969617366791,0.6058048009872437,0.6234149932861328,0.5381487011909485,0
1089,0.6247158646583557,0.4773752093315124,0.6106158494949341,0.6224584579467773,0.5387176275253296,1
1090,0.6289903521537781,0.526769757270813,0.6150602698326111,0.621101975440979,0.544409990310669,1
1091,0.6346791982650757,0.5958211421966553,0.6254630088806152,0.6218171715736389,0.5541852116584778,1
1092,0.6390854120254517,0.700196385383606,0.6361621618270874,0.6215421557426453,0.5679678916931152,1
1093,0.6412103772163391,0.6951661109924316,0.6442378759384155,0.6211532354354858,0.568126380443573,1
1094,0.6426511406898499,0.698616623878479,0.6497018933296204,0.6199204325675964,0.5722519755363464,1
1095,0.6446184515953064,0.5523746013641357,0.6505306959152222,0.6186383366584778,0.5707989931106567,1
1096,0.6438636183738708,0.4732557833194732,0.6496325135231018,0.6140577793121338,0.553921103477478,0
1097,0.6435211896896362,0.446352869272232,0.6450830101966858,0.6074948906898499,0.5291188359260559,0
1098,0.6414477229118347,0.3965794444084167,0.6408567428588867,0.6017948389053345,0.5012354850769043,0
1099,0.6381956934928894,0.3900465965270996,0.6342254281044006,0.5971977114677429,0.4795667231082916,0
1100,0.6334729194641113,0.3549963235855102,0.6255532503128052,0.5929592251777649,0.4603555798530578,0
1101,0.6284739971160889,0.3258287310600281,0.6147841811180115,0.5884746313095093,0.4371593594551086,1
1102,0.6259380578994751,0.3155683875083923,0.6114463806152344,0.5868500471115112,0.4315979778766632,1
1103,0.6278243660926819,0.2996294200420379,0.6130563020706177,0.5854701995849609,0.4303297698497772,1
1104,0.634209156036377,0.3392939567565918,0.6198477745056152,0.5888599157333374,0.4453495740890503,1
1105,0.6386711001396179,0.346784770488739,0.6269546151161194,0.591042697429657,0.4611531794071197,1
1106,0.6418710947036743,0.3713128864765167,0.6337889432907104,0.5953084230422974,0.4837047159671783,1
1107,0.6460151672363281,0.4438689351081848,0.6413331031799316,0.5979021787643433,0.500502347946167,1
1108,0.6444615721702576,0.4210972189903259,0.6432327628135681,0.5982050895690918,0.5014134645462036,0
1109,0.6462664008140564,0.4015209972858429,0.6442626714706421,0.5970098376274109,0.4915087521076202,0
1110,0.6420298218727112,0.3742423951625824,0.6376627683639526,0.5916812419891357,0.4663581252098083,0
1111,0.6347295641899109,0.3375211656093597,0.6263537406921387,0.5863506197929382,0.4327823519706726,0
1112,0.6276266574859619,0.3083681166172027,0.6116372346878052,0.580883800983429,0.4062228500843048,0
1113,0.6212374567985535,0.2636378109455108,0.5986564755439758,0.575950562953949,0.3815785348415375,0
1114,0.6184702515602112,0.2583290040493011,0.5966920852661133,0.5744326114654541,0.3775728940963745,1
1115,0.620712399482727,0.2528550028800964,0.5983783006668091,0.5735012292861938,0.3737611770629883,1
1116,0.6227738261222839,0.280920535326004,0.604880690574646,0.5746990442276001,0.3840880393981933,1
1117,0.6301777362823486,0.3040956258773803,0.6143397092819214,0.5786359310150146,0.4122201800346374,1
1118,0.6342970132827759,0.3501407504081726,0.624019205570221,0.5828531384468079,0.4352559149265289,1
1119,0.6416081190109253,0.4187645614147186,0.6339432001113892,0.5852235555648804,0.4525375366210937,1
1120,0.5862154364585876,0.2307855188846588,0.5424587726593018,0.5030938982963562,0.0577380061149597,0
1121,0.5801863074302673,0.1768602877855301,0.5362029671669006,0.4975897669792175,0.0346851013600826,0
1122,0.5759535431861877,0.1367420405149459,0.5268452763557434,0.4920840263366699,0.0078420750796794,0
1123,0.5729520916938782,0.1419645249843597,0.5232046842575073,0.4884505271911621,-0.007782194763422,1
1124,0.567437469959259,0.094013325870037,0.5168741345405579,0.4845895767211914,-0.0276368968188762,0
1125,0.5688039064407349,0.0981309711933136,0.5149726271629333,0.4827679097652435,-0.036755371838808,1
1126,0.5667895078659058,0.1027770414948463,0.5142480134963989,0.4816392362117767,-0.0376306511461734,1
1127,0.5662632584571838,0.0974827408790588,0.5171076655387878,0.4821086525917053,-0.0357815958559513,1
1128,0.565368115901947,0.1179021373391151,0.5168727040290833,0.4812591671943664,-0.0364771150052547,1
1129,0.5649007558822632,0.0956221967935562,0.515099823474884,0.4792898893356323,-0.0410899333655834,1
1130,0.5633876919746399,0.1013229414820671,0.517854630947113,0.4789547324180603,-0.0448698215186595,1
1131,0.5622284412384033,0.0927539765834808,0.5125526785850525,0.476515382528305,-0.0557304807007312,1
1132,0.5610525608062744,0.0667195245623588,0.5070488452911377,0.4743891656398773,-0.0705593675374984,1
1133,0.558095395565033,0.0549751073122024,0.5017371773719788,0.4731993079185486,-0.0795742124319076,0
1134,0.5530200004577637,0.0194782521575689,0.498131513595581,0.4713590145111084,-0.0903692245483398,0
1135,0.5482141375541687,0.0131860310211777,0.4932199418544769,0.4698639512062073,-0.100806713104248,0
1136,0.5426942110061646,0.0014801286160945,0.4899260401725769,0.4683847427368164,-0.1100667268037796,0
1137,0.5380532145500183,-0.0187128968536853,0.4877528846263885,0.4676457047462463,-0.1155128628015518,0
1138,0.5358063578605652,-0.003169598057866,0.4865587651729584,0.4671355485916137,-0.1166380494832992,0
1139,0.5286498069763184,-0.001062124967575,0.4848637878894806,0.46638023853302,-0.1210915297269821,0
1140,0.535633385181427,0.0044457390904426,0.4877782464027405,0.4675697684288025,-0.1133818179368972,0
1141,0.5537381768226624,0.0399044901132583,0.5013009309768677,0.4722644984722137,-0.0801329314708709,1
1142,0.5610836148262024,0.0988789126276969,0.5144769549369812,0.4768278896808624,-0.0493120439350605,0
1143,0.5714787244796753,0.1653457731008529,0.5310958623886108,0.4831348061561584,-0.0109102427959442,1
1144,0.5794313549995422,0.1928209513425827,0.5453841686248779,0.4881625473499298,0.0245844293385744,1
1145,0.584766685962677,0.2469411641359329,0.561583399772644,0.4936144948005676,0.0593187287449836,1
1146,0.5904790759086609,0.2854584455490112,0.570465087890625,0.4964402914047241,0.0779986679553985,1
1147,0.594106137752533,0.2610324621200561,0.5709155797958374,0.4987288117408752,0.0861134231090545,1
1148,0.5941673517227173,0.2394373118877411,0.5704567432403564,0.4997974634170532,0.0902743935585022,1
1149,0.5937803387641907,0.2143388539552688,0.5678561329841614,0.5000789165496826,0.0910750478506088,1
1150,0.5958684086799622,0.1960978955030441,0.5651028752326965,0.5009123086929321,0.087239846587181,0
1151,0.5939085483551025,0.1837826520204544,0.5613968372344971,0.502140462398529,0.087574265897274,0
1152,0.5921090245246887,0.1634451597929,0.5566471219062805,0.501426637172699,0.0819655507802963,0
1153,0.5891730785369873,0.17055045068264,0.5532196760177612,0.5022578835487366,0.0797861963510513,0
1154,0.5865254998207092,0.1437555849552154,0.5487946271896362,0.5027238130569458,0.0777961611747741,0
1155,0.5848006010055542,0.1403357088565826,0.5465779304504395,0.5041001439094543,0.0803714394569397,0
1156,0.5877723693847656,0.1550973504781723,0.5471787452697754,0.5053362846374512,0.0890671163797378,0
1157,0.5907451510429382,0.1803325712680816,0.5548190474510193,0.5095986127853394,0.1053715720772743,1
1158,0.5953080058097839,0.2032616436481475,0.5599635243415833,0.5133854746818542,0.1207982450723648,1
1159,0.601525068283081,0.2470677196979522,0.5676894187927246,0.517751157283783,0.1438782513141632,1
1160,0.6051951050758362,0.2781887650489807,0.5753368139266968,0.5215412974357605,0.1630125045776367,1
1161,0.6071633100509644,0.3150843381881714,0.583867073059082,0.5255103707313538,0.1793971508741378,1
1162,0.6093664169311523,0.3189694881439209,0.5851998925209045,0.5254387855529785,0.1830453425645828,1
1163,0.6091662645339966,0.3293266892433166,0.5855454206466675,0.5258293747901917,0.1835950314998626,1
1164,0.6085376143455505,0.310632586479187,0.5845305919647217,0.5248697996139526,0.1795939207077026,1
1165,0.607032835483551,0.2824674844741821,0.5809330940246582,0.5227575898170471,0.1696649491786956,0
1166,0.605891227722168,0.2706919908523559,0.5769047737121582,0.5204090476036072,0.1577648967504501,0
1167,0.6031407117843628,0.2523571252822876,0.573428750038147,0.5190384984016418,0.1488244384527206,0
1168,0.600946307182312,0.2226151823997497,0.5674118399620056,0.5167070627212524,0.1356193870306015,0
1169,0.5977083444595337,0.2178400605916977,0.5627260208129883,0.5146665573120117,0.12576824426651,0
1170,0.5944729447364807,0.1934626549482345,0.5583664178848267,0.5123483538627625,0.1144293248653411,0
1171,0.5947709679603577,0.1980846375226974,0.5591616630554199,0.5129629969596863,0.1147053688764572,0
1172,0.5971934795379639,0.2148791253566742,0.5615128874778748,0.5142537951469421,0.1245028525590896,0
1173,0.5979343056678772,0.2369123250246048,0.5657922029495239,0.5163229703903198,0.1339246928691864,0
1174,0.6010149717330933,0.2656335234642029,0.5709015727043152,0.5184651017189026,0.146409273147583,0
1175,0.6026976704597473,0.2764453291893005,0.5759912729263306,0.519764244556427,0.156392365694046,0
1176,0.604340672492981,0.3044418096542358,0.5799986124038696,0.5208944082260132,0.1628024578094482,0
1177,0.6071177124977112,0.3208746314048767,0.5830153226852417,0.5221044421195984,0.1695099472999572,0
1178,0.6104062795639038,0.3091753125190735,0.5862303376197815,0.5244520306587219,0.1798300147056579,1
1179,0.6117934584617615,0.3357533812522888,0.5909879207611084,0.527228832244873,0.1932934373617172,1
1180,0.6131054759025574,0.3318782448768616,0.5925202369689941,0.5279840230941772,0.1992868334054947,1
1181,0.6159631013870239,0.3312645554542541,0.5965684056282043,0.5301641821861267,0.208789974451065,0
1182,0.6139318943023682,0.3250418305397033,0.596811056137085,0.5296664237976074,0.2088052481412887,0
1183,0.6140413284301758,0.320328950881958,0.5959265828132629,0.5291911959648132,0.2057447582483291,0
1184,0.6124622821807861,0.3113108277320862,0.5909855365753174,0.528432309627533,0.1987142264842987,1
1185,0.6105306148529053,0.2862131595611572,0.5868023633956909,0.5283586978912354,0.1955019831657409,1
1186,0.6111781597137451,0.2764445543289184,0.5863038301467896,0.5288906097412109,0.1983291059732437,1
1187,0.6122699975967407,0.2799021005630493,0.5863187313079834,0.5298964381217957,0.2009736746549606,1
1188,0.6144347190856934,0.2917060256004333,0.590349018573761,0.5327455997467041,0.2101312726736068,1
1189,0.6152090430259705,0.3000228404998779,0.591331422328949,0.534417450428009,0.2179912030696869,0
1190,0.6160611510276794,0.3197625875473022,0.592829704284668,0.5357866287231445,0.2237974852323532,0
1191,0.6123708486557007,0.3222479224205017,0.5902968645095825,0.534869909286499,0.2190637439489364,0
1192,0.6093161106109619,0.2893105745315552,0.5840412378311157,0.5314313769340515,0.201545313000679,0
1193,0.6047773957252502,0.2643992304801941,0.5742368102073669,0.5258846879005432,0.1747924089431762,0
1194,0.6035676002502441,0.2350497096776962,0.5672963261604309,0.5228585600852966,0.1567678302526474,0
1195,0.6015931963920593,0.2150741666555404,0.5625326037406921,0.5213133692741394,0.1427233070135116,0
1196,0.6081701517105103,0.2405112385749817,0.5680050253868103,0.5258517861366272,0.1644550561904907,0
1197,0.6109434962272644,0.2771329879760742,0.5795646905899048,0.5313904881477356,0.1923040300607681,0
1198,0.6169877052307129,0.3553815484046936,0.5953350067138672,0.5398986339569092,0.2341296821832656,0
1199,0.6232079863548279,0.4295952320098877,0.6122429370880127,0.545762300491333,0.2714674174785614,1
1200,0.6184694170951843,0.5574145913124084,0.6038542985916138,0.5553094148635864,0.2998568713665008,1
1201,0.6157869696617126,0.4052163064479828,0.5943538546562195,0.5500158667564392,0.2793986201286316,1
1202,0.614922821521759,0.3557856380939483,0.594202995300293,0.5474967956542969,0.2666084170341491,1
1203,0.613214910030365,0.2903318107128143,0.5915294885635376,0.5429175496101379,0.2581279873847961,1
1204,0.6113267540931702,0.2664669752120971,0.5895315408706665,0.5397590398788452,0.2421126663684845,1
1205,0.6067454814910889,0.3422018587589264,0.5886629223823547,0.5352446436882019,0.2321613729000091,1
1206,0.5997094511985779,0.379989743232727,0.5849652886390686,0.5299364924430847,0.2129153907299041,1
1207,0.5929856896400452,0.4301231503486633,0.5794456005096436,0.523595929145813,0.1860139071941375,0
1208,0.5907865166664124,0.4173099994659424,0.5707457661628723,0.5181663036346436,0.162834346294403,1
1209,0.5876868963241577,0.2806465327739715,0.5629531145095825,0.513214647769928,0.1377874761819839,0
1210,0.5831314325332642,0.2822698354721069,0.5560009479522705,0.5088557600975037,0.1187694147229194,0
1211,0.5707396864891052,0.1252293586730957,0.5468475222587585,0.5044371485710144,0.0946088060736656,0
1212,0.5640926361083984,0.0998273640871048,0.5389889478683472,0.4997764825820923,0.0759881734848022,0
1213,0.5581966042518616,0.0871069282293319,0.5368236899375916,0.4961168766021728,0.065255306661129,0
1214,0.5469246506690979,0.0568110458552837,0.5327170491218567,0.4915309250354767,0.0477299764752388,1
1215,0.5486361980438232,0.1716765612363815,0.5311295390129089,0.4894994795322418,0.0372601486742496,1
1216,0.5408301949501038,0.2003043740987777,0.5282812714576721,0.4865450859069824,0.0294518861919641,1
1217,0.5450562238693237,0.2313245683908462,0.5315943956375122,0.4855731725692749,0.029062882065773,1
1218,0.5510276556015015,0.2142575979232788,0.5323001146316528,0.4842657148838043,0.0253813285380601,1
1219,0.5552433729171753,0.1229721009731292,0.5316100120544434,0.4831196665763855,0.0182552263140678,1
1220,0.5536206960678101,0.1016447097063064,0.5285246968269348,0.4810573160648346,0.0082227084785699,1
1221,0.5441198945045471,0.0341048687696456,0.521198570728302,0.4778255522251129,-0.0094737224280834,0
1222,0.5329074859619141,-0.0510728172957897,0.509772777557373,0.4738188982009887,-0.0331770703196525,0
1223,0.522107720375061,-0.0866265445947647,0.4989041984081268,0.4696986079216003,-0.0547174736857414,0
1224,0.5040635466575623,-0.1410466283559799,0.4890811443328857,0.4649187922477722,-0.0779575705528259,0
1225,0.4858112335205078,-0.1492700278759002,0.4776144027709961,0.4606313109397888,-0.1044213697314262,0
1226,0.4802828431129455,-0.189723327755928,0.4713874459266662,0.4585631787776947,-0.1169035360217094,0
1227,0.4759713411331177,-0.187113344669342,0.4692405462265014,0.4574927091598511,-0.120219312608242,0
1228,0.4768064320087433,-0.173249214887619,0.472707062959671,0.457943856716156,-0.1154187098145484,0
1229,0.486022025346756,-0.1957673579454422,0.4769975841045379,0.4594408273696899,-0.1048809364438057,0
1230,0.4974362850189209,-0.1623850166797638,0.4854714572429657,0.4625141024589538,-0.0853925868868827,0
1231,0.5063126683235168,-0.1122706830501556,0.4987681806087494,0.4655596613883972,-0.0602649897336959,1
1232,0.5174129605293274,-0.1105829775333404,0.5078451633453369,0.4686354100704193,-0.0416160449385643,1
1233,0.5278067588806152,-0.0915276110172271,0.5131261348724365,0.4709384441375732,-0.0312707349658012,1
1234,0.5334324240684509,-0.1072985827922821,0.5173590183258057,0.4725046157836914,-0.0197703056037426,1
1235,0.5351905822753906,-0.1281106173992157,0.5176580548286438,0.4737852811813354,-0.0189037844538688,1
1236,0.5279949307441711,-0.1178534477949142,0.509333074092865,0.4736072421073913,-0.0292828530073165,0
1237,0.5211551189422607,-0.1600451916456222,0.5006582140922546,0.4730399549007416,-0.0354732051491737,1
1238,0.5109087824821472,-0.1822755485773086,0.4960853159427643,0.4725461006164551,-0.0391355976462364,1
1239,0.495594322681427,-0.1745050102472305,0.4918577075004577,0.4725487828254699,-0.0448905900120735,1
1240,0.4830419719219208,-0.1914152801036834,0.4846518039703369,0.4721342325210571,-0.0531526058912277,1
1241,0.479767382144928,-0.2003505527973175,0.483004629611969,0.4730802476406097,-0.0471495538949966,1
1242,0.4755218029022217,-0.1935212761163711,0.4890977144241333,0.4753352999687195,-0.0336586236953735,1
1243,0.4820148348808288,-0.1679982542991638,0.4945617914199829,0.4790383279323578,-0.0185430794954299,1
1244,0.4957645535469055,-0.1058009564876556,0.5021610260009766,0.4834049344062805,0.0020034722983837,1
1245,0.5029940605163574,-0.0441998168826103,0.5125349164009094,0.4867563247680664,0.0270473305135965,1
1246,0.5221670866012573,0.0176473129540681,0.5276333689689636,0.4913418591022491,0.0508569031953811,1
1247,0.5367514491081238,0.0664659887552261,0.5346513390541077,0.4946870803833008,0.0633068457245826,1
1248,0.5444726943969727,0.1268284320831298,0.5371077060699463,0.4961993098258972,0.0666152238845825,0
1249,0.5493960976600647,0.1371577680110931,0.5375140309333801,0.4955956637859344,0.0684764236211776,0
1250,0.5519229769706726,0.1077992171049118,0.5359039902687073,0.4949254989624023,0.0612896382808685,0
1251,0.5470611453056335,0.1006001830101013,0.5306485891342163,0.4927420318126678,0.0472437776625156,1
1252,0.5432694554328918,0.1094483435153961,0.5257694125175476,0.4892925322055816,0.0353593528270721,0
1253,0.5419182777404785,0.0220051370561122,0.5254320502281189,0.4873161911964416,0.029884498566389,0
1254,0.5441871285438538,0.0243457555770874,0.526729941368103,0.4872939884662628,0.0277347154915332,1
1255,0.5478530526161194,0.0397233143448829,0.529249906539917,0.4879806041717529,0.0329097993671894,1
1256,0.5453522205352783,0.083489790558815,0.5303241014480591,0.4872980117797851,0.0356753170490264,1
1257,0.5470938086509705,0.0690665319561958,0.534042477607727,0.4875311255455017,0.0403384082019329,1
1258,0.5447990894317627,0.1019772887229919,0.5316545963287354,0.4847548604011535,0.0287308469414711,1
1259,0.5473343133926392,0.076174795627594,0.530921995639801,0.4832927584648132,0.021793395280838,1
1260,0.5471026301383972,0.0147394798696041,0.526645302772522,0.4820216000080108,0.0110058970749378,1
1261,0.5357531905174255,0.0191303547471761,0.5153500437736511,0.4793324768543243,-0.0096944533288478,1
1262,0.5220639705657959,-0.0616615377366542,0.5042678713798523,0.4746062755584717,-0.0307345613837242,1
1263,0.5057792663574219,-0.1609219461679458,0.4932296276092529,0.470234215259552,-0.0557843074202537,1
1264,0.4886923134326935,-0.1488351672887802,0.4823861420154571,0.4651707112789154,-0.0873914435505867,1
1265,0.477614015340805,-0.2021000832319259,0.470675528049469,0.4607343673706054,-0.1109444722533226,1
1266,0.4619379341602325,-0.179030179977417,0.4587413966655731,0.457078069448471,-0.1360289752483368,0
1267,0.4509972631931305,-0.1022908389568328,0.4561905264854431,0.4550338387489319,-0.1437884867191314,1
1268,0.4389167428016662,-0.0420908890664577,0.4506368935108185,0.4517621397972107,-0.1588549613952636,1
1269,0.4466750919818878,0.0038613742217421,0.4526048600673675,0.4503165781497955,-0.1645067632198333,1
1270,0.4487659931182861,0.07549549639225,0.4517121613025665,0.4472891092300415,-0.1760637462139129,0
1271,0.4516556560993194,0.09816475212574,0.4511823654174804,0.4450324475765228,-0.1910522580146789,0
1272,0.467137336730957,0.1263289153575897,0.4532103240489959,0.4444655179977417,-0.1949701011180877,1
1273,0.4658098816871643,0.1264692097902298,0.4485608041286468,0.4433684349060058,-0.206057995557785,1
1274,0.4639171063899994,0.1524525284767151,0.4445909559726715,0.4392955303192138,-0.2197345793247223,1
1275,0.4652402997016907,-0.0041153710335493,0.4409928321838379,0.4357810318470001,-0.2341221272945404,1
1276,0.458452045917511,-0.0759259760379791,0.4363218545913696,0.4329311549663543,-0.2584162056446075,1
1277,0.45539391040802,-0.0456560738384723,0.4303563833236694,0.430173248052597,-0.2772434949874878,1
1278,0.4382330179214477,-0.1540090590715408,0.4141299128532409,0.4260254502296448,-0.3050655126571655,1
1279,0.4238083064556122,-0.2333613634109497,0.4021533727645874,0.4225879311561584,-0.332957774400711,0
1280,0.4705607891082763,-0.7435816526412964,0.289242535829544,0.4105464518070221,-0.5701535940170288,1
1281,0.4720538854598999,-0.7398296594619751,0.3000351786613464,0.4124775528907776,-0.5495913624763489,0
1282,0.4710113704204559,-0.7076602578163147,0.3042515516281128,0.4140240550041199,-0.5378152132034302,0
1283,0.4710317254066467,-0.6991236805915833,0.30972421169281,0.4151396751403808,-0.5308231115341187,0
1284,0.4688942432403564,-0.699042558670044,0.3031411170959472,0.4153469204902649,-0.5319460034370422,0
1285,0.4693747162818908,-0.7135108709335327,0.3028707802295685,0.4163414239883423,-0.5303621292114258,1
1286,0.468163251876831,-0.7171322107315063,0.3020126819610595,0.4168469309806824,-0.5245321989059448,1
1287,0.4681862294673919,-0.7230021357536316,0.3041720390319824,0.4178646206855774,-0.5156157612800598,1
1288,0.4672605991363525,-0.6984483599662781,0.3080227077007293,0.420138269662857,-0.4999501705169678,1
1289,0.4679391086101532,-0.6800330877304077,0.3161550164222717,0.4224358201026916,-0.4767686724662781,1
1290,0.4688942730426788,-0.6492214798927307,0.3275377154350281,0.4250372350215912,-0.4555965065956116,1
1291,0.4708299040794372,-0.6082304120063782,0.3380436599254608,0.427342414855957,-0.432932436466217,1
1292,0.4714961946010589,-0.6086404323577881,0.3448675274848938,0.4294084310531616,-0.4191506206989288,1
1293,0.4715187847614288,-0.586021363735199,0.3504795432090759,0.4311100244522095,-0.4022888541221618,1
1294,0.4723566472530365,-0.5831341743469238,0.3604920208454132,0.4336165189743042,-0.3846321105957031,1
1295,0.4725967645645141,-0.5691934823989868,0.367349624633789,0.435763418674469,-0.3692738115787506,1
1296,0.4733386039733886,-0.5450636148452759,0.3742563724517822,0.4378560781478882,-0.3550899624824524,1
1297,0.4708812236785888,-0.5418713092803955,0.3755677938461303,0.4385344088077545,-0.3488311469554901,1
1298,0.4718438982963562,-0.5233815312385559,0.383819043636322,0.4401417076587677,-0.338209331035614,1
1299,0.4715238511562347,-0.523196280002594,0.3818641602993011,0.4393822252750397,-0.3443502783775329,1
1300,0.4726523458957672,-0.5175343751907349,0.3833720088005066,0.4391593933105469,-0.3455897271633148,1
1301,0.4737783968448639,-0.5089756846427917,0.3803831934928894,0.4386682510375976,-0.3471993505954742,1
1302,0.4740350246429443,-0.50553297996521,0.379873126745224,0.4381340146064758,-0.3510980010032654,1
1303,0.473593145608902,-0.4778587520122528,0.3829436302185058,0.4379224181175232,-0.3464768826961517,1
1304,0.4736020267009735,-0.4675630629062652,0.3839512467384338,0.4375297725200653,-0.3501349091529846,1
1305,0.4725500643253326,-0.418847382068634,0.3826015889644623,0.4369449913501739,-0.3580783605575561,0
1306,0.4726186394691467,-0.3506128787994385,0.3782244622707367,0.4354218244552612,-0.3666801154613495,0
1307,0.4732716083526611,-0.3721319437026977,0.3770875930786133,0.435234010219574,-0.370349258184433,1
1308,0.474843829870224,-0.2828968465328216,0.3773064017295837,0.4345157146453857,-0.3724646866321563,0
1309,0.4737764000892639,-0.3809124827384949,0.3700522780418396,0.4323500692844391,-0.3876350224018097,0
1310,0.4736579060554504,-0.4000804722309112,0.3663630187511444,0.4308565855026245,-0.3968290686607361,1
1311,0.4736283421516418,-0.4429979026317596,0.3649771809577942,0.4298646450042724,-0.4054252803325653,1
1312,0.4729468822479248,-0.4735773205757141,0.3608035445213318,0.4283686876296997,-0.418636679649353,1
1313,0.4724003374576568,-0.3624395430088043,0.3528952002525329,0.4272297620773315,-0.4292870759963989,1
1314,0.4716432094573974,-0.5152209997177124,0.3479459881782532,0.4266636371612549,-0.4351730644702911,1
1315,0.4729678630828857,-0.5835715532302856,0.3506723344326019,0.4264719784259796,-0.4337737262248993,1
1316,0.4724830389022827,-0.5412178635597229,0.3445277810096741,0.4245154857635498,-0.4483089745044708,1
1317,0.4714913666248321,-0.6223970055580139,0.3385545611381531,0.4232754409313202,-0.4615009427070617,1
1318,0.4709514081478119,-0.6537992358207703,0.3333932161331177,0.4221568703651428,-0.4696729183197021,1
1319,0.4698341786861419,-0.647364616394043,0.3304912447929382,0.4211051166057586,-0.4810431599617004,1
1320,0.4695169627666473,-0.613985538482666,0.3251620531082153,0.4200180470943451,-0.4909656047821045,1
1321,0.4692636430263519,-0.696808934211731,0.316925585269928,0.4189565777778625,-0.50385582447052,1
1322,0.4686359167098999,-0.709318995475769,0.3144076466560364,0.4180937111377716,-0.5087695121765137,1
1323,0.4692249596118927,-0.6917339563369751,0.3158299326896667,0.4176360368728637,-0.5090675354003906,1
1324,0.4693166613578796,-0.71002596616745,0.313202440738678,0.4171468317508697,-0.5162149667739868,1
1325,0.4692692756652832,-0.6921648979187012,0.3122268915176391,0.4166791141033172,-0.51803058385849,1
1326,0.468973845243454,-0.6391246318817139,0.3133309483528137,0.4162001013755798,-0.5192272663116455,1
1327,0.4698916375637054,-0.5382791757583618,0.3131553530693054,0.4155609905719757,-0.526729166507721,1
1328,0.4692493677139282,-0.5466574430465698,0.3061211109161377,0.4139485359191894,-0.5431692004203796,1
1329,0.4682158231735229,-0.6231420040130615,0.2990864515304565,0.4121334552764892,-0.5589497685432434,1
1330,0.4680553674697876,-0.5385485291481018,0.2954420745372772,0.4110572338104248,-0.5704351663589478,1
1331,0.4672585129737854,-0.58104008436203,0.2879762053489685,0.4090434312820434,-0.5919209718704224,1
1332,0.4658853113651275,-0.6047145128250122,0.2776760458946228,0.4065769016742706,-0.6162675023078918,0
1333,0.4651892483234405,-0.5166985392570496,0.271474540233612,0.4047073721885681,-0.6347454190254211,0
1334,0.4653034806251526,-0.5273047089576721,0.2661235928535461,0.4029141366481781,-0.6542484760284424,0
1335,0.4657643437385559,-0.4718959033489227,0.2573152482509613,0.4006255567073822,-0.6788762211799622,0
1336,0.4661661982536316,-0.4378373920917511,0.2509587407112121,0.3990813493728637,-0.6932502388954163,0
1337,0.4678812026977539,-0.4306961297988891,0.250271201133728,0.3981241583824157,-0.7003414630889893,1
1338,0.4685314893722534,-0.3569645881652832,0.2491342723369598,0.3970488905906677,-0.7107394933700562,1
1339,0.4684155583381653,-0.3079260289669037,0.2448228597640991,0.3957058191299438,-0.7233855724334717,1
1340,0.4684822261333465,-0.3679714798927307,0.2424432933330536,0.3950145244598388,-0.7339345216751099,1
1341,0.46836918592453,-0.3308554291725158,0.2389492392539978,0.393604576587677,-0.7510151863098145,1
1342,0.4674583375453949,-0.3593546152114868,0.2309530079364776,0.3920365571975708,-0.772240161895752,1
1343,0.4668695032596588,-0.5165024399757385,0.2204698026180267,0.390404611825943,-0.7974118590354919,1
1344,0.4647391438484192,-0.6719221472740173,0.2096806764602661,0.3883235454559326,-0.8273143768310547,1
1345,0.4631474912166595,-0.7974472045898438,0.1998778879642486,0.386122465133667,-0.8569760918617249,1
1346,0.4621856808662414,-0.947053849697113,0.1889398396015167,0.3843681216239929,-0.8879062533378601,1
1347,0.4605389237403869,-1.0365325212478638,0.1781215071678161,0.3823932409286499,-0.9206796288490297,0
1348,0.4593527019023895,-1.06911301612854,0.1695789396762848,0.3806133270263672,-0.946411430835724,0
1349,0.4590134620666504,-1.071735143661499,0.1625598073005676,0.3791567683219909,-0.9714668393135072,0
1350,0.4585388600826263,-1.1304123401641846,0.1569787561893463,0.3778168261051178,-0.9956302046775818,0
1351,0.4584938287734985,-1.1355136632919312,0.1516580283641815,0.3765820860862732,-1.0127555131912231,0
1352,0.4590247571468353,-1.0497119426727295,0.1484822332859039,0.3759174644947052,-1.0263694524765017,0
1353,0.4601058661937713,-0.9880476593971252,0.1503127217292785,0.3760153651237488,-1.0209766626358032,0
1354,0.4628326296806335,-0.9763087630271912,0.154941976070404,0.3765895962715149,-1.0032992362976074,1
1355,0.4645838737487793,-0.7638688087463379,0.1603164374828338,0.3773677349090576,-0.9872493147850036,0
1356,0.4656078815460205,-0.5972417593002319,0.1663812398910522,0.3776127994060516,-0.9765966534614564,0
1357,0.4675168693065643,-0.7605122923851013,0.172497272491455,0.3787417113780975,-0.9557387232780457,0
1358,0.4704917073249817,-0.7146613001823425,0.1770300269126892,0.37938392162323,-0.9488318562507628,0
1359,0.4678190946578979,-0.7455121278762817,0.1757137179374694,0.3793496191501617,-0.95188707113266,0
1360,0.6192184090614319,1.5381799936294556,0.6041067242622375,0.6264234781265259,0.5665103793144226,1
1361,0.6221826076507568,1.575201153755188,0.6085599660873413,0.6368514895439148,0.6381531953811646,1
1362,0.6221145391464233,1.5735019445419312,0.6040773987770081,0.6446508169174194,0.6846370100975037,1
1363,0.613431453704834,1.49046528339386,0.5866292715072632,0.6485880017280579,0.6984012722969055,1
1364,0.6056441068649292,1.4071924686431885,0.5677998065948486,0.6500662565231323,0.7077392935752869,1
1365,0.5947967171669006,1.306601881980896,0.545691967010498,0.6511436700820923,0.7088673710823059,0
1366,0.5841606855392456,1.1344879865646362,0.523231029510498,0.6509469747543335,0.6907233595848083,0
1367,0.5796406269073486,1.1983505487442017,0.5139648914337158,0.6504330635070801,0.6799314022064209,0
1368,0.5785632729530334,1.2101796865463257,0.5100314021110535,0.6500643491744995,0.6798138618469238,0
1369,0.5802239179611206,1.257474064826965,0.5093780755996704,0.6506636738777161,0.6830346584320068,0
1370,0.5782268643379211,1.237088680267334,0.5033743977546692,0.6509028077125549,0.685861349105835,0
1371,0.5782670974731445,1.267099380493164,0.5012530088424683,0.650443434715271,0.6956672668457031,1
1372,0.5801790356636047,1.3031383752822876,0.5060780644416809,0.6507239937782288,0.7200578451156616,1
1373,0.5853036642074585,1.3226662874221802,0.5150380730628967,0.651271402835846,0.7460566759109497,1
1374,0.5891849994659424,1.3575860261917114,0.5184617638587952,0.6523791551589966,0.7649426460266113,1
1375,0.5895558595657349,1.344098448753357,0.5171210765838623,0.6525967121124268,0.781990110874176,1
1376,0.5860358476638794,1.3101733922958374,0.5117970108985901,0.6524538993835449,0.7894065976142883,1
1377,0.5805920958518982,1.2101179361343384,0.5025349855422974,0.6524753570556641,0.7813023328781128,1
1378,0.5748967528343201,1.0948525667190552,0.4927719831466675,0.65200275182724,0.7562018036842346,0
1379,0.5685244798660278,1.0458837747573853,0.48485067486763,0.6515436172485352,0.7366997003555298,0
1380,0.5669831037521362,1.0630879402160645,0.4828543961048126,0.6513561010360718,0.7308066487312317,0
1381,0.5666598677635193,1.0291982889175415,0.4802948832511902,0.6516776084899902,0.7201389074325562,0
1382,0.5685662031173706,1.066990852355957,0.4832576811313629,0.6516556739807129,0.7202116847038269,0
1383,0.5724931359291077,1.146825909614563,0.4914005398750305,0.6514067649841309,0.7282910943031311,1
1384,0.5752628445625305,1.1570929288864136,0.4999487102031708,0.6517843008041382,0.7328798770904541,0
1385,0.5770673155784607,1.1614165306091309,0.5051704049110413,0.6519457101821899,0.73338383436203,1
1386,0.5776808261871338,1.1665972471237185,0.5028038024902344,0.6520416736602783,0.7354016900062561,1
1387,0.5773890018463135,1.133552312850952,0.500766396522522,0.6523470878601074,0.7461390495300293,1
1388,0.5782344937324524,1.119367003440857,0.5017755031585693,0.6525678634643555,0.757551372051239,1
1389,0.5789945721626282,1.1386600732803345,0.5035572052001953,0.652841329574585,0.7598817944526672,1
1390,0.57724529504776,1.0753213167190552,0.5026548504829407,0.6523308753967285,0.7473815679550171,1
1391,0.5739783644676208,1.0803043842315674,0.5009834170341492,0.6516808271408081,0.7349327802658081,1
1392,0.5708427429199219,1.0444271564483645,0.4971699714660644,0.651716947555542,0.7205972671508789,1
1393,0.5694687962532043,0.9830299019813538,0.4922894835472107,0.6518480777740479,0.7066726088523865,1
1394,0.5691399574279785,1.02673077583313,0.4929294288158417,0.6517426371574402,0.7048577666282654,1
1395,0.5711311101913452,1.0593928098678589,0.4965405762195587,0.6515742540359497,0.7046809792518616,1
1396,0.5729646682739258,1.0885765552520752,0.5027875304222107,0.6515926718711853,0.6989536285400391,1
1397,0.5729050636291504,1.077816605567932,0.5072429180145264,0.6512787342071533,0.6875054836273193,1
1398,0.5718897581100464,1.0568352937698364,0.5087297558784485,0.6511809825897217,0.6753640174865723,1
1399,0.5699118971824646,1.007880449295044,0.5074918866157532,0.651257336139679,0.6706710457801819,1
1400,0.569831132888794,0.9729143977165222,0.5090631246566772,0.651469886302948,0.6666284203529358,1
1401,0.5716006755828857,0.9774885773658752,0.5128446817398071,0.6517816185951233,0.6647576093673706,0
1402,0.5722268223762512,0.9555400013923644,0.5198617577552795,0.6512770056724548,0.6561155319213867,0
1403,0.5720420479774475,0.9396987557411194,0.5257695317268372,0.6509337425231934,0.6449450254440308,0
1404,0.5702177286148071,0.8981020450592041,0.5281168222427368,0.650367021560669,0.62181556224823,0
1405,0.5652483701705933,0.79750657081604,0.521673321723938,0.649145245552063,0.5926257967948914,0
1406,0.5631216764450073,0.7675042152404785,0.5223085880279541,0.648195207118988,0.5767501592636108,0
1407,0.5657075047492981,0.725218653678894,0.528081476688385,0.6474733352661133,0.5725185871124268,0
1408,0.5714662671089172,0.7534996867179871,0.5385459661483765,0.6472947597503662,0.5751304030418396,1
1409,0.5744415521621704,0.7457662224769592,0.542447566986084,0.6460760235786438,0.5702964663505554,1
1410,0.5762814283370972,0.7257269620895386,0.5473321080207825,0.6449972987174988,0.5701502561569214,1
1411,0.5753701329231262,0.6851137280464172,0.5523800253868103,0.6438810229301453,0.5651397705078125,0
1412,0.5741495490074158,0.6876261234283447,0.5542906522750854,0.6423650979995728,0.5506696105003357,0
1413,0.5732558965682983,0.6605756878852844,0.5527862310409546,0.6404135227203369,0.5347554683685303,0
1414,0.5721424221992493,0.642418622970581,0.5508636832237244,0.6379941701889038,0.519223690032959,0
1415,0.5750188827514648,0.6490004658699036,0.5556731224060059,0.6370540857315063,0.5157166719436646,0
1416,0.5759579539299011,0.6315498352050781,0.5554245114326477,0.634831964969635,0.5032762885093689,1
1417,0.5748487710952759,0.6818038821220398,0.5527127981185913,0.6329792141914368,0.4872846305370331,1
1418,0.5719340443611145,0.7041301727294922,0.5489161014556885,0.6308649778366089,0.4767904877662658,1
1419,0.5715901851654053,0.7416204214096069,0.5481232404708862,0.6305183172225952,0.4737586975097656,1
1420,0.5727055668830872,0.7723384499549866,0.5512046813964844,0.6303409337997437,0.4751294255256653,1
1421,0.5771002173423767,0.819521427154541,0.5565764904022217,0.6300334930419922,0.4872923791408539,0
1422,0.5825110077857971,0.937949240207672,0.5645104646682739,0.6307658553123474,0.5046061277389526,1
1423,0.5851372480392456,0.9161410331726074,0.5677205920219421,0.6313281059265137,0.5120421051979065,0
1424,0.5873867273330688,0.9806786179542542,0.5717358589172363,0.6317597031593323,0.5166597366333008,0
1425,0.5849306583404541,0.9351115226745604,0.5689918994903564,0.631899356842041,0.5126115083694458,0
1426,0.5807414054870605,0.857327938079834,0.5627248883247375,0.6326804161071777,0.5042517781257629,0
1427,0.5753402709960938,0.790776789188385,0.5539458990097046,0.6328768134117126,0.4944095611572265,0
1428,0.5754361748695374,0.7728658318519592,0.5515015721321106,0.6336222887039185,0.4963633120059967,1
1429,0.5776975750923157,0.8086866140365601,0.5555409789085388,0.6340739727020264,0.5046684741973877,1
1430,0.5793495774269104,0.7917040586471558,0.5586380362510681,0.6340535283088684,0.5105509757995605,1
1431,0.5819825530052185,0.8726728558540344,0.5628862977027893,0.6340452432632446,0.5166035294532776,1
1432,0.5813102722167969,0.8173041939735413,0.5634739995002747,0.6336215734481812,0.516218900680542,0
1433,0.5816622972488403,0.8426024913787842,0.5652276277542114,0.6340222954750061,0.5169547200202942,0
1434,0.5811418890953064,0.8230357766151428,0.5629349946975708,0.6341918706893921,0.5158730149269104,1
1435,0.5795831084251404,0.7785784602165222,0.5602934956550598,0.6339255571365356,0.5074245929718018,0
1436,0.577398955821991,0.7714601755142212,0.5581584572792053,0.6331580877304077,0.503363311290741,0
1437,0.5770186185836792,0.7858459949493408,0.5568757653236389,0.6326343417167664,0.497333824634552,1
1438,0.5758315324783325,0.7709323167800903,0.5546581149101257,0.6323176026344299,0.4896723628044128,1
1439,0.5764083862304688,0.7794912457466125,0.555110514163971,0.6321837902069092,0.4915996193885803,1
1440,0.5961460471153259,0.3556976318359375,0.6046203970909119,0.6093997955322266,0.4372031986713409,1
1441,0.5944572687149048,0.3519986271858215,0.6007020473480225,0.6086402535438538,0.4301124215126037,1
1442,0.5938245058059692,0.3415362238883972,0.5980611443519592,0.6079835295677185,0.4242403209209442,1
1443,0.5932185649871826,0.3440841436386108,0.5976437926292419,0.6077065467834473,0.4204135835170746,1
1444,0.5931103229522705,0.3405186831951141,0.598107635974884,0.6075831651687622,0.4211572706699371,1
1445,0.593135416507721,0.3330501914024353,0.5977515578269958,0.6076049208641052,0.419721782207489,1
1446,0.5933817625045776,0.3325036466121673,0.5978947877883911,0.6075582504272461,0.4207455515861511,1
1447,0.5939508080482483,0.336613655090332,0.5988247394561768,0.6075258255004883,0.422118604183197,1
1448,0.594238817691803,0.3509911298751831,0.6009048819541931,0.6080296039581299,0.4261883795261383,1
1449,0.5956175327301025,0.3549236059188843,0.6044432520866394,0.6086463332176208,0.4367536306381225,1
1450,0.5974739789962769,0.3592786192893982,0.609158992767334,0.6092513799667358,0.4452396929264068,0
1451,0.5988898873329163,0.3711525499820709,0.6130783557891846,0.6097614169120789,0.4547607600688934,1
1452,0.5995888113975525,0.3691583573818207,0.6150618195533752,0.6099352240562439,0.4599484503269195,0
1453,0.5992606282234192,0.371501475572586,0.6155901551246643,0.6104385852813721,0.4606341123580932,0
1454,0.599689245223999,0.3719531297683716,0.6161925792694092,0.610611081123352,0.4637685418128967,0
1455,0.6000926494598389,0.3669811487197876,0.6155141592025757,0.610531747341156,0.4614871442317962,0
1456,0.5994175672531128,0.3739053905010223,0.6148208975791931,0.6103285551071167,0.4604831635951996,0
1457,0.5991413593292236,0.3656118810176849,0.6137456893920898,0.6097782850265503,0.4588416814804077,0
1458,0.5986058712005615,0.3645031452178955,0.6135103702545166,0.6094734072685242,0.4541162848472595,0
1459,0.5982146263122559,0.3636385202407837,0.6122896671295166,0.6090539693832397,0.4509260058403015,0
1460,0.5980729460716248,0.3537112176418304,0.610251784324646,0.6086757183074951,0.4448150992393493,1
1461,0.5966328978538513,0.3551609814167022,0.6067975759506226,0.608594536781311,0.4400707185268402,1
1462,0.5963736176490784,0.348666787147522,0.6046205759048462,0.6081738471984863,0.4368919134140014,1
1463,0.5955651998519897,0.3460730910301208,0.6026449203491211,0.607937753200531,0.4316159188747406,1
1464,0.5948017239570618,0.3478330969810486,0.6015760898590088,0.6077069640159607,0.4271292090415954,1
1465,0.5945961475372314,0.3426071107387543,0.6002672910690308,0.607459306716919,0.4223643541336059,1
1466,0.593198299407959,0.3440759778022766,0.5973426103591919,0.6074016690254211,0.4186098277568817,1
1467,0.5928570032119751,0.3366153538227081,0.5965005159378052,0.6072328090667725,0.4162744581699371,1
1468,0.5927250385284424,0.3300781548023224,0.5961908102035522,0.6072368621826172,0.4158913493156433,1
1469,0.5926982164382935,0.3335404396057129,0.5970472097396851,0.6073827743530273,0.4185259044170379,1
1470,0.5932873487472534,0.328244537115097,0.5980864763259888,0.6078462600708008,0.4213675856590271,1
1471,0.5942856073379517,0.3467881679534912,0.6009995937347412,0.6082719564437866,0.4279851615428924,0
1472,0.595849871635437,0.3533610105514526,0.6042584776878357,0.6086639165878296,0.4357796907424927,0
1473,0.5969294905662537,0.3614363074302673,0.6077743768692017,0.6091426610946655,0.4433334469795227,0
1474,0.5981506109237671,0.3667959868907928,0.6119323968887329,0.6095750331878662,0.452208399772644,0
1475,0.599545419216156,0.3719918727874756,0.6163379549980164,0.6101452708244324,0.4608848989009857,0
1476,0.6006724834442139,0.3766763508319855,0.6187556982040405,0.610587477684021,0.4678883254528045,0
1477,0.6014171838760376,0.3760150969028473,0.6203457117080688,0.6106838583946228,0.4712013900279999,0
1478,0.6011132001876831,0.3768946230411529,0.6202198266983032,0.6108983755111694,0.4726965427398681,0
1479,0.6011786460876465,0.3742595314979553,0.6196417808532715,0.6108699440956116,0.4720547497272491,0
1480,0.6007344126701355,0.3713365197181701,0.6177370548248291,0.6106036305427551,0.4674433767795563,0
1481,0.5997775197029114,0.368998110294342,0.6158677339553833,0.6100589632987976,0.4613745510578155,0
1482,0.5989558100700378,0.3616675734519958,0.6125701665878296,0.6094527244567871,0.4531934857368469,0
1483,0.5974936485290527,0.3580032289028168,0.608756959438324,0.6088349223136902,0.4439211785793304,0
1484,0.5957182049751282,0.3522350192070007,0.6047228574752808,0.6082166433334351,0.4346904456615448,0
1485,0.5945802927017212,0.3440631628036499,0.6010977029800415,0.6076058745384216,0.4265425503253937,0
1486,0.593442440032959,0.3293628990650177,0.5972836017608643,0.607039749622345,0.4178350865840912,1
1487,0.592391848564148,0.3044631779193878,0.5941428542137146,0.6069246530532837,0.4113325476646423,1
1488,0.5913163423538208,0.28573739528656,0.5911891460418701,0.6073058247566223,0.4098669588565826,1
1489,0.5913007259368896,0.272168219089508,0.5901796221733093,0.6078830361366272,0.4105140268802643,1
1490,0.5915672183036804,0.2725397944450378,0.5907842516899109,0.6083321571350098,0.4130768179893493,1
1491,0.5915215611457825,0.285925418138504,0.5910159349441528,0.6086012125015259,0.4138029813766479,1
1492,0.5907653570175171,0.2979369759559631,0.5911107063293457,0.6090570092201233,0.413360059261322,1
1493,0.590341329574585,0.3148223161697387,0.5911057591438293,0.6096331477165222,0.4154799878597259,1
1494,0.5911668539047241,0.3135501444339752,0.5926272869110107,0.6103808879852295,0.4204013347625732,1
1495,0.592083752155304,0.3435033559799194,0.5950422286987305,0.6110564470291138,0.428129643201828,1
1496,0.5934945940971375,0.3648616075515747,0.5989550352096558,0.6115706562995911,0.439718633890152,1
1497,0.5949674248695374,0.3693109452724457,0.6043997406959534,0.6122236251831055,0.4517183005809784,0
1498,0.5975258350372314,0.3786699175834656,0.6112105846405029,0.6131805181503296,0.4650928080081939,1
1499,0.600466251373291,0.3905509710311889,0.618567943572998,0.6141023635864258,0.4807923138141632,1
1500,0.6021219491958618,0.3996095359325409,0.6229032874107361,0.6150466799736023,0.494929701089859,1
1501,0.604077935218811,0.4050658047199249,0.6285273432731628,0.6155024170875549,0.5084491968154907,1
1502,0.6051210761070251,0.4047924876213074,0.6318717002868652,0.6156085133552551,0.5149269104003906,1
1503,0.6055445075035095,0.4094114005565643,0.634395956993103,0.6154778003692627,0.5162389874458313,1
1504,0.6045007109642029,0.3905708789825439,0.6312159895896912,0.6149377822875977,0.5097026824951172,1
1505,0.6033186316490173,0.3742158114910126,0.6278460025787354,0.6138414144515991,0.4975180029869079,1
1506,0.6016518473625183,0.3607321679592132,0.6222573518753052,0.6122137904167175,0.4835836291313171,1
1507,0.5998620986938477,0.3424730002880096,0.6170578002929688,0.6101752519607544,0.4660813510417938,0
1508,0.5976104736328125,0.3395281732082367,0.6124502420425415,0.608368992805481,0.4504008889198303,1
1509,0.5967234969139099,0.3309643566608429,0.610061526298523,0.6066937446594238,0.4385043084621429,0
1510,0.5967936515808105,0.338623046875,0.6082930564880371,0.6052958965301514,0.4290949404239654,1
1511,0.5961605310440063,0.3341863751411438,0.6059597134590149,0.6039835214614868,0.4221290051937103,0
1512,0.5957612991333008,0.3311745822429657,0.6056075096130371,0.6028883457183838,0.418218731880188,0
1513,0.5960490703582764,0.3277307450771332,0.6060816049575806,0.6022003889083862,0.4173630774021148,0
1514,0.5971124172210693,0.3277213871479034,0.6082705855369568,0.6016438007354736,0.416526049375534,0
1515,0.5974565148353577,0.3316633105278015,0.6092531681060791,0.601406455039978,0.4164256453514099,1
1516,0.5974088311195374,0.3312806487083435,0.6093710660934448,0.6012626886367798,0.4190239906311035,1
1517,0.5977663993835449,0.3269193470478058,0.6095793843269348,0.6010597348213196,0.4185368418693542,1
1518,0.5974850654602051,0.3315794169902801,0.6096795797348022,0.6007411479949951,0.4169946014881134,0
1519,0.5969517230987549,0.3257243037223816,0.6085913181304932,0.600338339805603,0.4129907190799713,0
1520,0.5710358619689941,0.0388291329145431,0.5839056372642517,0.5803658366203308,0.3725437223911285,0
1521,0.5713121294975281,0.0308497548103332,0.5844610929489136,0.5794157981872559,0.3691075444221496,0
1522,0.570371687412262,0.0226163975894451,0.5834770798683167,0.5785399079322815,0.3646943867206573,0
1523,0.5701313614845276,0.004910759627819,0.5837621688842773,0.5782386064529419,0.3635055124759674,0
1524,0.5700871348381042,-0.0092269405722618,0.5827959179878235,0.5777848958969116,0.3649008572101593,0
1525,0.5711879134178162,-0.0083451922982931,0.5843415260314941,0.5776368975639343,0.3671125769615173,0
1526,0.5721270442008972,0.0184246245771646,0.5860248804092407,0.5771465301513672,0.3710298240184784,0
1527,0.5728920102119446,0.034260980784893,0.5874435901641846,0.5768678188323975,0.3725202977657318,0
1528,0.573198676109314,0.0642916783690452,0.5876907706260681,0.5768356919288635,0.3728068172931671,1
1529,0.5729408860206604,0.0650482103228569,0.5866263508796692,0.5766066908836365,0.3701851665973663,1
1530,0.5727645754814148,0.10113275796175,0.5858404636383057,0.5766701698303223,0.3685981631278991,1
1531,0.5718329548835754,0.1132888942956924,0.5836897492408752,0.5764564275741577,0.3628354072570801,1
1532,0.5707515478134155,0.1447334587574005,0.5825755000114441,0.5763982534408569,0.35953089594841,1
1533,0.5701593160629272,0.164167895913124,0.5807062983512878,0.5757394433021545,0.3552826046943664,1
1534,0.5699434280395508,0.1963533461093902,0.5802438259124756,0.5755652189254761,0.3517060577869415,1
1535,0.5690253973007202,0.2095006108283996,0.578818142414093,0.5749990940093994,0.3486465215682983,0
1536,0.5681155323982239,0.1989030241966247,0.5776975750923157,0.5748867988586426,0.3464641273021698,0
1537,0.5679998397827148,0.2049124538898468,0.5780876874923706,0.57457035779953,0.3470214307308197,0
1538,0.5690045952796936,0.2053100168704986,0.5795006155967712,0.5746746063232422,0.3513247966766357,0
1539,0.5705896615982056,0.2179448008537292,0.5821952819824219,0.5749238729476929,0.356937050819397,0
1540,0.5712573528289795,0.2073254585266113,0.5838087797164917,0.5754035711288452,0.363174706697464,0
1541,0.5722218155860901,0.1890842169523239,0.5859477519989014,0.5758785605430603,0.3696579933166504,0
1542,0.5728954076766968,0.1813874095678329,0.5871358513832092,0.5764187574386597,0.3737528026103973,0
1543,0.5736724138259888,0.1663921326398849,0.5885840058326721,0.576860785484314,0.3759177029132843,0
1544,0.5737199783325195,0.1644131690263748,0.5886536836624146,0.5771241188049316,0.3769653439521789,0
1545,0.5736444592475891,0.144792839884758,0.5878663063049316,0.5774730443954468,0.3750149309635162,0
1546,0.573327898979187,0.1498644053936004,0.5870621204376221,0.5777968168258667,0.3739146590232849,0
1547,0.5728249549865723,0.1456042975187301,0.585751473903656,0.5778952836990356,0.3706741034984588,0
1548,0.5721994638442993,0.1591788232326507,0.5850893259048462,0.5781050324440002,0.3688945770263672,0
1549,0.5719410181045532,0.1710173636674881,0.5843011140823364,0.5780987739562988,0.3672022521495819,0
1550,0.5718340277671814,0.1878642141819,0.584163248538971,0.5783726572990417,0.3664337992668152,0
1551,0.5717652440071106,0.2041032463312149,0.5841320157051086,0.578504204750061,0.367747813463211,0
1552,0.5726485252380371,0.2269462943077087,0.5850083827972412,0.5792311429977417,0.3720081746578216,0
1553,0.5740343332290649,0.2607200741767883,0.5871293544769287,0.579951822757721,0.3773492574691772,0
1554,0.5751326680183411,0.2796067297458648,0.5889771580696106,0.5809308290481567,0.3851396739482879,1
1555,0.5765441656112671,0.2380841523408889,0.5907697081565857,0.581996738910675,0.3912113606929779,1
1556,0.5769668817520142,0.2581368386745453,0.5917702913284302,0.5832584500312805,0.3946529328823089,1
1557,0.5771076083183289,0.2570274770259857,0.5923720598220825,0.5844900608062744,0.3982527554035187,1
1558,0.5768229365348816,0.2379871904850006,0.5913029313087463,0.5856366157531738,0.3984441459178924,1
1559,0.5761844515800476,0.2927297353744507,0.5903303027153015,0.5864260792732239,0.39622363448143,1
1560,0.5754003524780273,0.2657836973667145,0.5890568494796753,0.5867434144020081,0.394659012556076,1
1561,0.5745641589164734,0.2850699722766876,0.5874555110931396,0.5871281027793884,0.3901410400867462,0
1562,0.5737338066101074,0.2934513092041015,0.5865246653556824,0.5875868797302246,0.388511061668396,0
1563,0.573668360710144,0.2958723902702331,0.5862788558006287,0.5879453420639038,0.3896951079368591,0
1564,0.5743449926376343,0.303956389427185,0.5875295400619507,0.5887737274169922,0.3940865099430084,0
1565,0.5754064917564392,0.2932698726654053,0.589552640914917,0.5896228551864624,0.4014668464660644,0
1566,0.5764138102531433,0.299042671918869,0.5919693112373352,0.5904896259307861,0.4089148044586181,1
1567,0.577246367931366,0.3517620265483856,0.5942569971084595,0.5911692380905151,0.4162808954715729,0
1568,0.5787593722343445,0.3644496500492096,0.5962091684341431,0.5918664336204529,0.4226801097393036,1
1569,0.5795423984527588,0.3617416322231293,0.5972729921340942,0.592467725276947,0.4247747957706451,1
1570,0.5794721841812134,0.3194271326065063,0.5969648957252502,0.593090295791626,0.4266298115253448,1
1571,0.5792826414108276,0.2227038592100143,0.5955060124397278,0.5933223962783813,0.4247466325759887,1
1572,0.578258752822876,0.1317702233791351,0.5938247442245483,0.5935937166213989,0.4201003611087799,1
1573,0.5770816802978516,0.1186164692044258,0.591870903968811,0.5932321548461914,0.4149044752120971,1
1574,0.5756936073303223,0.1170942932367324,0.5894953012466431,0.5929613709449768,0.4081531465053558,1
1575,0.5746946334838867,0.1183961108326911,0.587963342666626,0.5926952362060547,0.4029863178730011,1
1576,0.5742920637130737,0.1227368339896202,0.5870662331581116,0.5922099947929382,0.4014597833156585,1
1577,0.5745500326156616,0.1387852877378463,0.5872753858566284,0.5918275117874146,0.4009276330471039,1
1578,0.5748589038848877,0.1500560492277145,0.5880728960037231,0.5913128852844238,0.401576280593872,1
1579,0.5751557350158691,0.1612647920846939,0.5892083644866943,0.5907052755355835,0.4026241600513458,1
1580,0.5752624869346619,0.1622703224420547,0.5895099639892578,0.5903748869895935,0.4025221168994903,0
1581,0.5752373337745667,0.1529544591903686,0.5896793603897095,0.5900470018386841,0.4018602073192596,0
1582,0.575221598148346,0.1484956443309784,0.5896766185760498,0.5899520516395569,0.4026455283164978,1
1583,0.575597882270813,0.1406415998935699,0.590046226978302,0.5900256037712097,0.4034658968448639,1
1584,0.5758534073829651,0.1429637223482132,0.5906393527984619,0.5900902152061462,0.4054886102676391,1
1585,0.5760650634765625,0.1339824497699737,0.5909924507141113,0.5898565053939819,0.4061129987239837,0
1586,0.5759513974189758,0.1334535479545593,0.5911799073219299,0.5896130204200745,0.4055000841617584,1
1587,0.5759970545768738,0.1349854469299316,0.5911824107170105,0.5895582437515259,0.4047939479351043,1
1588,0.5760204792022705,0.1369504183530807,0.5909373164176941,0.5897340774536133,0.4040455520153045,1
1589,0.5757101774215698,0.1337255239486694,0.5903406143188477,0.5896278619766235,0.4035900235176086,1
1590,0.57560795545578,0.1303457170724868,0.5897153615951538,0.5893147587776184,0.4028103947639465,1
1591,0.5752763748168945,0.1389195322990417,0.5895026326179504,0.5888019800186157,0.3991909921169281,0
1592,0.5745996236801147,0.1438641250133514,0.5890278220176697,0.588516891002655,0.3968334794044494,1
1593,0.574338972568512,0.1387747973203659,0.5882164835929871,0.5881454944610596,0.3943222761154175,1
1594,0.5742154717445374,0.1432533860206604,0.5877957344055176,0.5881094336509705,0.3938353955745697,1
1595,0.5747939348220825,0.1470806151628494,0.5882912874221802,0.5878963470458984,0.3953403234481811,0
1596,0.5747100710868835,0.1536255031824112,0.5885936617851257,0.5877482891082764,0.3956483900547027,0
1597,0.5745965838432312,0.1535234004259109,0.5892536640167236,0.5876482129096985,0.396510362625122,1
1598,0.5749067664146423,0.1521261036396026,0.5896644592285156,0.5873708128929138,0.3972313404083252,1
1599,0.5752264261245728,0.1566990613937378,0.590137779712677,0.5872275233268738,0.3968662619590759,1
